tree
version=v4
num_class=1
num_tree_per_iteration=1
label_index=0
max_feature_idx=157
objective=binary sigmoid:1
feature_names=ICULOS Age Gender Unit1 Unit2 HospAdmTime HR O2Sat Temp SBP MAP DBP Resp Lactate WBC Creatinine Bilirubin_total Platelets BUN Glucose pH PaCO2 HCO3 BaseExcess FiO2 Hgb Potassium Lactate_hrs_since Lactate_measured Lactate_nmeas WBC_hrs_since WBC_measured WBC_nmeas Creatinine_hrs_since Creatinine_measured Creatinine_nmeas Bilirubin_total_hrs_since Bilirubin_total_measured Bilirubin_total_nmeas Platelets_hrs_since Platelets_measured Platelets_nmeas BUN_hrs_since BUN_measured BUN_nmeas Glucose_hrs_since Glucose_measured Glucose_nmeas pH_hrs_since pH_measured pH_nmeas PaCO2_hrs_since PaCO2_measured PaCO2_nmeas HCO3_hrs_since HCO3_measured HCO3_nmeas BaseExcess_hrs_since BaseExcess_measured BaseExcess_nmeas FiO2_hrs_since FiO2_measured FiO2_nmeas Hgb_hrs_since Hgb_measured Hgb_nmeas Potassium_hrs_since Potassium_measured Potassium_nmeas HR_mean6 HR_min6 HR_max6 HR_std6 HR_d6 O2Sat_mean6 O2Sat_min6 O2Sat_max6 O2Sat_std6 O2Sat_d6 Temp_mean6 Temp_min6 Temp_max6 Temp_std6 Temp_d6 SBP_mean6 SBP_min6 SBP_max6 SBP_std6 SBP_d6 MAP_mean6 MAP_min6 MAP_max6 MAP_std6 MAP_d6 DBP_mean6 DBP_min6 DBP_max6 DBP_std6 DBP_d6 Resp_mean6 Resp_min6 Resp_max6 Resp_std6 Resp_d6 HR_mean12 HR_min12 HR_max12 HR_std12 HR_d12 O2Sat_mean12 O2Sat_min12 O2Sat_max12 O2Sat_std12 O2Sat_d12 Temp_mean12 Temp_min12 Temp_max12 Temp_std12 Temp_d12 SBP_mean12 SBP_min12 SBP_max12 SBP_std12 SBP_d12 MAP_mean12 MAP_min12 MAP_max12 MAP_std12 MAP_d12 DBP_mean12 DBP_min12 DBP_max12 DBP_std12 DBP_d12 Resp_mean12 Resp_min12 Resp_max12 Resp_std12 Resp_d12 Lactate_d6 WBC_d6 Creatinine_d6 Bilirubin_total_d6 Platelets_d6 Lactate_d12 WBC_d12 Creatinine_d12 Bilirubin_total_d12 Platelets_d12 Lactate_vs_baseline WBC_vs_baseline Creatinine_vs_baseline Bilirubin_total_vs_baseline Platelets_vs_baseline sirs qsofa_proxy shock_index sofa_proxy
feature_infos=[1:271] [20.489999771118164:100] [0:1] [0:1] [0:1] [-1195.7099609375:0.93999999761581421] [39:159] [24:100] [32.5:40.5] [43:247.5] [20:207] [23:158] [1:58] [0.40000000596046448:17.5] [1.5:182.60000610351562] [0.20000000298023224:12.439999580383301] [0.20000000298023224:15.699999809265137] [22:1036] [1:144] [29.5:708] [6.8499999046325684:7.5799999237060547] [20:100] [12:48] [-20:24] [0.029999999329447746:1] [5.5:23.600000381469727] [2.5:9.6999998092651367] [0:102] [0:1] [0:24] [0:48] [0:1] [0:23] [0:48] [0:1] [0:19] [0:99] [0:1] [0:7] [0:48] [0:1] [0:24] [0:48] [0:1] [0:19] [0:35] [0:1] [0:81] [0:102] [0:1] [0:47] [0:102] [0:1] [0:47] [0:54] [0:1] [0:21] [0:54] [0:1] [0:47] [0:104] [0:1] [0:77] [0:48] [0:1] [0:27] [0:48] [0:1] [0:35] [39:155.5] [39:155.5] [39:159] [0:35.800022125244141] [-69:65] [39:100] [24:100] [39:100] [0:30.805301666259766] [-75:76] [32.799999237060547:40] [32.5:40] [32.799999237060547:40.5] [0:1.6431676149368286] [-3.1700000762939453:4] [44.666667938232422:225] [43:216] [45:247.5] [0:48.790367126464844] [-116.5:105.5] [30:169] [20:169] [30:207] [0:53.235912322998047] [-125:114] [23:147] [23:147] [23:158] [0:42.916973114013672] [-100:108] [1:58] [1:58] [1:58] [0:32.526912689208984] [-47:39.5] [39:155.5] [39:155.5] [39:159] [0:30.215011596679688] [-77:69] [39:100] [24:100] [39:100] [0:22.804630279541016] [-76:76] [32.799999237060547:40] [32.5:40] [32.799999237060547:40.5] [0:1.7162702083587646] [-3.6099998950958252:4.9499998092651367] [44.833332061767578:225] [43:216] [45:247.5] [0:48.790367126464844] [-132:122.5] [30:169] [20:169] [30:207] [0:53.235912322998047] [-104.5:126] [23:147] [23:147] [23:158] [0:45.066532135009766] [-100:101.5] [1:58] [1:58] [1:58] [0:32.526912689208984] [-51:39.5] [-4.7800002098083496:6.0399999618530273] [-26:13.600000381469727] [-5.1599998474121094:2.5699999332427979] [-7.1999998092651367:2.5] [-513:459] [-5.0999999046325684:7.9000000953674316] [-42.200000762939453:13.600000381469727] [-5.1599998474121094:2.5699999332427979] [-7.1999998092651367:3.0999999046325684] [-513:472] [-6:7.9000000953674316] [-38.799999237060547:16.600000381469727] [-5.8400001525878906:5.1999998092651367] [-5.1999998092651367:3.2000000476837158] [-513:695] [0:4] [0:2] [0.23913043737411499:2.0697674751281738] [0:9]
tree_sizes=1481 1521 1926 1827 2151 1924 2273 2161 1712 1632 2167 1807 1846 1952 2265 2359 1834 2384 1844 1914 2061 1952 2611 2382 2475 3044 2182 2036 1940 2064 2602 1961 2380 1962 2936 2595 2490 2706 3136

Tree=0
num_leaves=13
num_cat=0
split_feature=0 123 134 50 60 107 47 86 60 47 57 92
split_gain=9476.04 2857.74 963.796 773.424 527.094 668.773 620.034 667.115 280.618 156.092 18.9231 16.6687
threshold=55.500000000000007 98.250000000000014 23.630681991577152 2.5000000000000004 6.5000000000000009 6.8960766792297372 6.5000000000000009 123.75000000000001 72.500000000000014 15.500000000000002 8.5000000000000018 7.3325963020324716
decision_type=2 8 8 2 8 10 2 10 8 2 10 10
left_child=1 3 -3 9 5 6 7 -5 -2 10 -1 -12
right_child=8 2 -4 4 -6 -7 -8 -9 -10 -11 11 -13
leaf_value=-3.963550182159743 -3.269965861712413 -3.3947857862542485 -3.8855805824185894 -3.9021838764943779 -3.9580713579223143 -3.9554953188290121 -3.9510666402785022 -3.532745663027228 -3.7505577958459346 -3.8323845843566802 -3.9512643777267118 -3.8958815860955798
leaf_weight=151.59755901619792 20.271986128762368 8.1690269205719197 6.437343606725336 7.0773134306073251 18.690883548930287 11.933555055409668 6.3620530106127253 12.724106300622223 6.2302946001291266 4.1033360045403233 6.5314567890018207 3.7833510674536228
leaf_count=8054 613 238 322 360 993 634 338 476 271 190 347 189
internal_value=-3.82507 -3.89088 -3.5436 -3.92171 -3.83096 -3.77303 -3.6997 -3.63177 -3.33591 -3.95486 -3.96091 -3.92516
internal_weight=263.912 237.41 14.6064 222.804 56.7879 38.097 26.1635 19.8014 26.5023 166.016 161.912 10.3148
internal_count=13025 12141 560 11581 2801 1808 1174 836 884 8780 8590 536
is_linear=0
shrinkage=1


Tree=1
num_leaves=13
num_cat=0
split_feature=0 113 59 115 119 93 75 47 71 146 149 107
split_gain=5303.23 1603.26 683.447 1123.41 961.558 512.535 212.022 202.919 133.851 93.0253 67.2354 4.57354
threshold=54.500000000000007 -6.7499999999999991 1.5000000000000002 37.024999618530281 117.35416793823244 -7.2499999999999991 91.250000000000014 18.500000000000004 120.25000000000001 0.29000000655651098 0.40500000119209295 2.2987136840820317
decision_type=2 10 2 8 8 10 10 2 10 10 8 10
left_child=1 5 7 6 -5 -1 -4 9 10 -3 -2 -8
right_child=8 2 3 4 -6 -7 11 -9 -10 -11 -12 -13
leaf_value=0.050623705682378374 0.47201158075975502 -0.029621018476767166 0.12543366646636367 -0.018169415376893368 0.38119088800876777 0.38803480920942202 0.0033077368707300201 0.12381203664542587 0.15323086946254155 0.072749585534000891 0.19578746699475208 -0.026889143747220057
leaf_weight=7.95890502072871 23.930931201204658 153.88280616141856 5.5900406073778859 7.3034994192421463 12.121759764850138 9.6920377723872644 3.9253711532801381 3.7616801112890235 10.489593463018535 3.7342113126069298 12.223612904548643 35.869263736531138
leaf_count=367 331 8291 221 380 317 225 181 157 231 161 353 1809
internal_value=0.0992759 0.0399174 0.0154678 0.0939987 0.258057 0.280653 0.00513908 -0.0179474 0.375675 -0.0250334 0.413755 -0.0238738
internal_weight=290.484 243.84 226.189 64.8099 19.4253 17.6509 45.3847 161.379 46.6441 157.617 36.1545 39.7946
internal_count=13024 12109 11517 2908 697 592 2211 8609 915 8452 684 1990
is_linear=0
shrinkage=0.03


Tree=2
num_leaves=17
num_cat=0
split_feature=44 113 105 62 101 121 80 47 47 47 152 4 148 137 87 116
split_gain=2614.28 1685.84 815.952 575.555 380.339 366.482 360.233 233.43 399.259 215.333 158.642 110.849 38.2764 32.0986 28.0959 4.19957
threshold=3.5000000000000004 -7.7499999999999991 75.750000000000014 1.5000000000000002 24.250000000000004 151.75000000000003 37.530000686645515 12.500000000000002 29.500000000000004 15.500000000000002 -1.0000000180025095e-35 inf 24.500000000000004 3.3601665496826176 13.079882621765138 36.340000152587898
decision_type=2 10 10 2 8 8 8 2 2 2 10 8 10 10 10 10
left_child=1 4 13 12 -1 9 11 10 -9 14 -4 -7 -3 -2 15 -5
right_child=2 3 7 5 -6 6 -8 8 -10 -11 -12 -13 -14 -15 -16 -17
leaf_value=0.3462502867736833 -0.020006236718330659 -0.02946751393468159 0.35988275172786438 0.002891322746999415 0.058498479232975721 -0.020855334703604969 0.25154972563826322 0.027877568272813052 0.25531063556286049 0.14776182915617045 0.14272918882080421 0.10410451134020296 0.038415784657942688 0.052657263256773314 0.029362115393372298 -0.026257795547941033
leaf_weight=12.895976003259422 9.3899046834558231 133.21327679604292 32.205625372007489 4.0338607318699351 8.490868676453827 10.532063337042933 11.469011615961788 15.374988786876203 10.200712451711295 4.2610541675239793 14.003459786996244 7.2432586159557095 3.7200387157499781 4.0309606194496146 7.541166001930832 29.809835352003574
leaf_count=168 470 7321 508 195 357 486 242 398 162 136 379 219 154 165 338 1494
internal_value=0.0925391 0.0385796 0.229903 0.0101666 0.264741 0.0743793 0.148738 0.267643 0.145505 0.0167586 0.314437 0.0417404 -0.026335 0.0101872 -0.0112035 -0.0228585
internal_weight=318.416 233.21 85.2057 211.824 21.3868 74.8902 29.2443 71.7848 25.5757 45.6459 46.2091 17.7753 136.933 13.4209 41.3849 33.8437
internal_count=13192 11110 2082 10585 525 3110 947 1447 560 2163 887 705 7475 635 2027 1689
is_linear=0
shrinkage=0.03


Tree=3
num_leaves=16
num_cat=0
split_feature=44 14 1 138 24 100 105 21 110 136 6 130 1 122 104
split_gain=1898.53 1074.41 564.637 541.539 534.112 511.82 474.472 220.528 245.6 209.614 174.635 56.7618 4.63084 2.45716 1.54216
threshold=3.5000000000000004 14.949999809265138 58.155000686645515 36.250000000000007 0.7150000035762788 19.750000000000004 78.750000000000014 37.20000076293946 97.750000000000014 24.250000000000004 111.25000000000001 50.750000000000007 54.48500061035157 13.472861289978029 88.520832061767592
decision_type=2 10 2 8 8 8 10 8 10 8 10 10 2 10 10
left_child=1 3 -3 7 -4 6 13 8 -1 -5 11 -8 -11 -2 -6
right_child=5 2 4 9 14 -7 10 -9 -10 12 -12 -13 -14 -15 -16
leaf_value=-0.022748725831479858 -0.0213591265397193 -0.021256532754160645 0.26545461653133784 0.21780398899393891 -0.014041984924036501 0.28313536013201351 0.085916439743342857 -0.029597356104921344 0.14295633597942164 -0.00093459024101029322 0.048744716471849407 0.2240560831882821 0.033538180470620099 0.0020705162899755099 0.0047061141847518466
leaf_weight=14.276588451117279 11.401281952857969 11.242174096405504 26.858534859493375 8.2510813139379042 4.2414001300930968 33.60463828779757 12.941091474145649 147.66678477823734 10.55519877374172 5.1753558404743654 13.771363964304326 27.859485609456897 4.3961830697953701 4.2496897783130398 3.5721955094486475
leaf_count=687 533 547 557 65 232 407 275 8013 374 223 292 377 192 183 183
internal_value=0.0837491 0.0351554 0.157565 0.00234702 0.210918 0.187618 0.126127 -0.0153992 0.0598421 0.139851 0.164823 0.194404 0.0209738 -0.0160363 -0.00697898
internal_weight=340.063 236.235 45.9143 190.321 34.6721 103.828 70.2229 172.499 24.8318 17.8226 54.5719 40.8006 9.57154 15.651 7.8136
internal_count=13140 11073 1519 9554 972 2067 1660 9074 1061 480 944 652 415 716 415
is_linear=0
shrinkage=0.03


Tree=4
num_leaves=19
num_cat=0
split_feature=35 113 68 56 114 57 45 17 105 80 21 137 19 105 19 19 57 82
split_gain=1297.76 1084.02 414.776 306.597 258.033 210.455 178.024 133.812 132.298 97.3458 62.5654 81.9766 36.6818 214.686 40.668 84.0303 16.484 2.25113
threshold=2.5000000000000004 -6.7499999999999991 3.5000000000000004 2.5000000000000004 37.50041580200196 6.5000000000000009 6.5000000000000009 466.00000000000006 106.25000000000001 37.210000991821296 35.049999237060554 1.5868180990219118 185.25000000000003 88.750000000000014 107.50000000000001 123.25000000000001 37.500000000000007 0.22871012985706332
decision_type=2 10 2 2 8 10 8 10 10 10 8 10 10 10 10 10 8 8
left_child=1 6 17 7 16 8 -1 10 12 -7 11 -3 13 14 -4 -16 -5 -2
right_child=2 3 5 4 -6 9 -8 -9 -10 -11 -12 -13 -14 -15 15 -17 -18 -19
leaf_value=0.23239939652464942 -0.019652591211012621 0.091224585655814899 0.013454143048369253 -0.020330065924195537 0.17928134477746224 -0.019761423848968996 0.0567877288328935 0.080093160261476296 0.061889961940520009 0.097069354959567616 -0.029587900824085609 -0.021050077183891857 0.27019775195648194 0.20436464296365056 0.15202837417664575 0.031919241087626254 0.029687671035096851 0.0028475203266629173
leaf_weight=17.727547245100144 8.842017119750377 4.865486091002821 8.5557272769510764 9.6369185000658035 9.2632946837693435 8.665141614153983 12.115032536908982 7.1787353660911313 14.276254856958984 10.171380858868359 147.93334491178393 10.909344032406805 15.868361055850981 38.762374630197883 8.9291476290673035 14.006153412163256 4.9688513725996026 4.0355033706873664
leaf_count=197 421 180 281 394 153 312 388 242 248 151 8207 522 136 395 173 374 190 183
internal_value=0.0703959 0.0253697 0.143226 -0.0021473 0.0885212 0.160055 0.179487 -0.0169681 0.177249 0.0504534 -0.0234719 0.0272003 0.191927 0.15747 0.0796543 0.0975213 -8.25032e-05 -0.0137772
internal_weight=356.711 224.599 132.112 194.756 23.8691 119.235 29.8426 170.887 100.398 18.8365 163.708 15.7748 86.1218 70.2534 31.491 22.9353 14.6058 12.8775
internal_count=13147 10473 2674 9888 737 2070 585 9151 1607 463 8909 702 1359 1223 828 547 584 604
is_linear=0
shrinkage=0.03


Tree=5
num_leaves=17
num_cat=0
split_feature=0 113 21 135 25 115 85 23 14 14 26 87 104 84 8 87
split_gain=1422.41 885.077 489.11 289.458 339.474 198.148 174.458 148.875 127.763 190.495 61.0643 86.7446 16.4911 11.8936 6.45719 5.45172
threshold=54.500000000000007 -6.7499999999999991 39.250000000000007 13.875000000000002 9.7249999046325701 36.395000457763679 139.25000000000003 6.2500000000000009 14.34999990463257 10.150000095367433 4.8500001430511483 16.510854721069339 85.912876129150405 129.52083587646487 39.104999542236335 24.191762924194339
decision_type=2 10 8 10 10 8 8 10 10 8 10 8 10 8 8 10
left_child=1 5 3 13 12 -1 -6 10 9 -2 15 -12 -5 -3 -7 -4
right_child=8 2 7 4 6 14 -8 -9 -10 -11 11 -13 -14 -15 -16 -17
leaf_value=0.21482367128437216 0.16861774811878413 -0.0237021009278751 -0.029614304733684902 0.23197926537262084 -0.024068092755567198 0.017766912067371608 0.12446248886898122 0.091175910099263152 0.21877388892843552 0.052805586339888966 -0.021144334779737584 0.09522956166999251 0.085826947314667973 0.018295104130886964 0.071592560331738928 0.0025119443551239727
leaf_weight=20.51271179318428 30.84240685030818 16.945789743214849 148.91017721965909 10.951546013355257 17.929884465411309 7.310745574533942 5.6177057791501275 6.0697976015508166 35.00851926766336 30.155685026198626 11.125881524756547 4.524870142340661 10.410853136330841 4.2305677961558095 9.6452122014015895 4.1320812311023465
leaf_count=155 302 812 8235 155 789 167 101 186 230 360 578 107 289 165 302 212
internal_value=0.0682336 0.0325774 0.0100948 0.0765468 0.116063 0.158892 0.0269595 -0.0164641 0.164869 0.119702 -0.0228502 0.027412 0.19054 -0.01342 0.0577161 -0.0286949
internal_weight=374.324 278.318 240.849 66.0863 44.91 37.4687 23.5476 174.763 96.0066 60.9981 168.693 15.6508 21.3624 21.1764 16.956 153.042
internal_count=13145 12253 11629 2311 1334 624 890 9318 892 662 9132 685 444 977 469 8447
is_linear=0
shrinkage=0.03


Tree=6
num_leaves=20
num_cat=0
split_feature=0 60 108 82 151 119 132 115 148 79 132 112 146 115 60 120 86 1 92
split_gain=1180.55 514.299 412.292 382.818 225.64 207.027 188.917 204.213 80.3889 159.488 75.1603 70.8774 57.2361 53.8171 18.2139 13.7654 12.9247 9.72692 1.96741
threshold=55.500000000000007 5.5000000000000009 14.750000000000002 0.20144477486610415 -0.024999999441206452 117.35416793823244 4.7265167236328134 36.460000991821296 -24.499999999999996 37.587499618530281 4.2950081825256357 1.9904601573944094 0.3900000005960465 35.639999389648445 10.500000000000002 95.915000915527358 146.25000000000003 62.995000839233406 9.5631670951843279
decision_type=2 8 8 10 10 8 10 8 10 10 8 10 10 10 8 10 8 2 10
left_child=1 3 12 4 13 11 7 -4 -7 -10 -5 -6 14 -1 15 -3 -2 -9 -8
right_child=16 2 6 10 5 8 18 17 9 -11 -12 -13 -14 -15 -16 -17 -18 -19 -20
leaf_value=0.067424324634033916 0.15827864097339364 0.033155858892255523 0.19131107872396166 0.055370236848602795 -0.019471949794223568 0.22538481926617751 -0.018574975779676959 -0.0044964776763832337 -0.0082217798413506699 0.15291010877961658 -0.025782888221701109 0.089342797938758045 0.054031864133112187 -0.021077892476080801 -0.029430976017288966 -0.016755122044738412 0.089721823360710384 0.039035599969460204 0.0026879361519580257
leaf_weight=5.6478865090757635 85.13714487478137 4.4441367946565133 12.468608401715757 10.624510336667297 8.630220450460909 21.757184073328968 7.6333644986152631 6.465290103107689 8.4060212559998089 8.822511835023759 25.007230183109641 4.9905592929571858 3.8494345620274535 10.745823599398134 129.03306370228529 5.9893044736236334 28.034181544557214 5.7875818926841021 4.0426473133265972
leaf_count=140 636 192 153 336 392 133 385 235 332 91 1030 136 112 447 7430 281 248 226 183
internal_value=0.0659176 0.0321494 0.000885453 0.0833582 0.12226 0.150351 0.0845734 0.124875 0.182651 0.0901265 0.00225094 0.0336816 -0.0225031 0.0180445 -0.0264125 0.00835856 0.145811 0.0214194 -0.0126144
internal_weight=397.517 284.345 179.713 104.632 69.0002 52.6065 36.3975 24.7215 38.9857 17.2285 35.6317 13.6208 143.316 16.3937 139.467 10.4334 113.171 12.2529 11.676
internal_count=13118 12234 9197 3037 1671 1084 1182 614 556 423 1366 528 8015 587 7903 473 884 461 568
is_linear=0
shrinkage=0.03


Tree=7
num_leaves=19
num_cat=0
split_feature=20 123 32 112 117 109 102 105 116 148 129 56 20 115 100 108 87 102
split_gain=592.62 415.477 255.213 266.089 251.816 260.643 260.269 237.786 117.653 106.616 102.482 100.675 130.064 99.7443 37.1772 17.7401 3.0635 0.460473
threshold=7.5050001144409189 72.500000000000014 3.5000000000000004 0.78985005617141735 0.23489519953727725 96.043560028076186 0.20664457976818087 75.750000000000014 36.014999389648445 27.500000000000004 57.139610290527351 3.5000000000000004 7.3150000572204599 36.395000457763679 20.625000000000004 -3.7499999999999996 4.9176549911499032 2.6591037511825566
decision_type=8 8 2 10 10 10 8 10 10 10 8 2 10 8 10 10 8 8
left_child=4 2 -2 -4 7 11 -7 8 -1 14 15 12 -6 -3 16 -9 -8 -5
right_child=1 13 3 17 5 6 9 10 -10 -11 -12 -13 -14 -15 -16 -17 -18 -19
leaf_value=0.10322857326303882 -0.029247050784928532 0.15593992979447091 0.1589862264537302 -0.019706126452058659 0.10679395367435125 0.13386216787028815 -0.0031408059851711946 0.074846088043695955 -0.023272769531313964 0.066336285803969816 0.15544334452982836 0.14690774630424713 -0.021600927300433979 0.030081372312296344 0.033463354738761629 0.011624820806426985 -0.028817493219227153 -0.0044485054506049572
leaf_weight=5.0234905164688852 111.2465664409101 14.036564882844688 9.933427484706046 8.411019498482343 9.0078155677765626 10.403720675967632 5.9471235852688542 7.6534084761515286 15.576558101922272 11.734270125627516 74.708913718350232 24.925438864156604 11.616131964139639 12.247827365994452 6.5570310000330201 9.0456855567172152 49.996186590753496 6.318258499726654
leaf_count=60 6666 48 103 279 88 187 261 138 756 176 1042 155 509 404 147 301 1648 167
internal_value=0.0578334 0.0128421 -0.00951171 0.0694333 0.087094 0.0552777 0.0216377 0.120132 0.0217123 -0.00154489 0.140036 0.109463 0.0443736 0.111474 -0.0182591 0.0511697 -0.0265695 -0.0159473
internal_weight=404.389 162.194 135.909 24.6627 242.196 130.188 84.6383 112.008 20.6 74.2346 91.408 45.5494 20.6239 26.2844 62.5003 16.6991 55.9433 14.7293
internal_count=13135 7667 7215 549 5468 3171 2419 2297 816 2232 1481 752 597 452 2056 439 1909 446
is_linear=0
shrinkage=0.03


Tree=8
num_leaves=15
num_cat=0
split_feature=0 123 59 13 60 47 117 130 122 19 107 1 59 87
split_gain=816.048 573.929 421.513 302.065 186.642 119.696 115.557 145.715 115.193 105.139 90.7457 34.3514 16.0635 16.5965
threshold=52.500000000000007 inf 2.5000000000000004 1.6399999856948855 6.5000000000000009 18.500000000000004 0.19686942547559741 55.750000000000007 11.781952381134035 109.25000000000001 6.7619142532348642 62.995000839233406 1.5000000000000002 11.221862792968752
decision_type=2 8 2 10 8 2 10 10 8 10 10 2 2 10
left_child=1 2 5 4 6 12 -4 -8 -2 11 -10 -3 -1 -14
right_child=8 9 3 -5 -6 -7 7 -9 10 -11 -12 -13 13 -15
leaf_value=-0.029510114257875083 0.13685100845186357 0.00059016947060865316 0.15251978076908085 -0.025728979774229738 -0.020169418467787786 0.075062411755328545 -0.021856960687915851 0.10668353368708623 0.021081781077760906 0.15802275832687707 0.10446336673953678 0.077276283005736066 -0.018605179878473162 0.034430339082169172
leaf_weight=141.39152390416712 88.91978701390326 9.2418030146509427 28.175641907379031 24.548742538318038 9.5988685088232142 6.3454049788415423 12.064776012673976 12.283112097531555 25.567086081020534 25.519719215109944 23.26337197329849 7.4355709925293914 7.6648395489901286 4.2423247182741761
leaf_count=8457 571 264 293 948 475 167 491 187 299 129 146 159 373 162
internal_value=0.0564212 0.0268555 0.0083172 0.059736 0.0929098 -0.0205646 0.113532 0.0501174 0.115236 0.122723 0.066819 0.0447185 -0.0267687 0.0048846
internal_weight=426.263 288.512 246.315 86.6711 62.1224 159.644 52.5235 24.3479 137.75 42.1971 48.8305 16.6774 153.299 11.9072
internal_count=13121 12105 11553 2394 1446 9159 971 678 1016 552 445 423 8992 535
is_linear=0
shrinkage=0.03


Tree=9
num_leaves=14
num_cat=0
split_feature=0 113 13 79 18 18 104 85 57 122 5 15 112
split_gain=661.165 510.994 302.757 242.004 238.668 196.869 117.771 104.039 51.0419 71.5502 31.0104 19.9386 2.08565
threshold=54.500000000000007 -6.7499999999999991 1.2050000429153445 37.301666259765632 26.500000000000004 29.500000000000004 83.520832061767592 93.750000000000014 4.5000000000000009 11.781952381134035 -3.2899999618530269 1.9950000047683718 1.5451142787933352
decision_type=2 10 8 10 10 10 10 10 8 8 2 10 10
left_child=1 6 3 12 11 -6 10 -7 -2 -10 -1 -4 -3
right_child=8 2 4 -5 5 7 -8 -9 9 -11 -12 -13 -14
leaf_value=-0.002404479301143301 0.12879701800263033 -0.020701049269902922 -0.029599456876999129 0.13002141899344571 0.12586408889644107 0.065441299720853371 0.13780785337490251 -0.025996058318215786 0.098005707608670251 0.032645812816211393 0.064580355327923611 0.022227892981419327 0.0012932600855133656
leaf_weight=10.618639985099437 63.661339286714792 10.159178189933298 145.96906150318682 23.528598899953067 13.091122295707462 12.024652275256811 33.385532785207033 27.883881156332791 56.273812141269445 29.194586073979735 8.9231226257979852 3.5191694600507608 4.4626739267259827
leaf_count=281 220 422 8371 246 302 364 207 1491 390 305 143 148 194
internal_value=0.0531189 0.0261793 0.00677746 0.0789738 -0.00840026 0.0437293 0.106192 0.00577316 0.103581 0.078718 0.0351077 -0.0276995 -0.0153693
internal_weight=442.695 293.566 240.638 38.1505 202.488 52.9997 52.9273 39.9085 149.13 85.4684 19.5418 149.488 14.6219
internal_count=13084 12169 11538 862 10676 2157 631 1855 915 695 424 8519 616
is_linear=0
shrinkage=0.03


Tree=10
num_leaves=19
num_cat=0
split_feature=21 108 151 3 1 44 146 19 112 41 116 117 134 117 5 5 124 117
split_gain=532.164 249.166 225.96 203.056 320.955 174.708 148.891 140.877 139.904 84.8183 87.4282 109.177 61.759 39.3708 38.6458 72.8536 27.5002 19.3583
threshold=28.500000000000004 27.750000000000004 0.044999999925494201 1.0000000180025095e-35 77.130001068115249 1.5000000000000002 -1.0000000180025095e-35 151.50000000000003 0.73820686340332042 7.5000000000000009 37.090000152587898 0.15891201794147494 12.763888835906984 0.40064051747322088 -136.27999877929685 -0.25499999523162836 75.215278625488295 0.24300827831029895
decision_type=10 8 10 8 2 2 8 10 10 2 10 8 10 10 2 2 10 10
left_child=1 2 -1 4 -2 12 7 17 -4 10 11 -8 -5 -12 -3 -16 -10 -7
right_child=3 14 8 5 -6 6 9 -9 16 -11 13 -13 -14 -15 15 -17 -18 -19
leaf_value=-0.029363864089110132 -0.02731215157832035 0.11599444518883027 0.12087352110591984 0.063947145720393922 0.11188558582511789 0.020479234900224557 0.092547859536820112 0.092885184885569932 0.038186883503213108 0.044008136478439625 0.14578955739841487 -0.020929885510327227 -0.023833600837317538 0.078430379133938896 -0.020288743867427513 0.081555061297451728 -0.022626137007135651 -0.025167728925368855
leaf_weight=111.67841289099306 39.186735798604786 11.961761275306346 11.577192950062456 5.8501939512789276 17.75415326654911 9.3043294809758681 15.296622062101962 18.683633322827518 5.7921068649739054 24.032451201230288 79.666928697377443 9.7423810651525837 16.722213242202997 32.176058197394013 9.152748931199314 8.1176930079236609 12.620019941590725 15.845148611813782
leaf_count=6617 1849 62 129 78 240 206 181 178 139 205 530 356 721 354 326 97 499 327
internal_value=0.0498333 0.0076248 -0.00960635 0.0746389 0.0216178 0.087169 0.0957102 0.0403041 0.0576515 0.109133 0.118614 0.0522605 0.00638756 0.130597 0.0803379 0.035144 0.00057423 -0.00768449
internal_weight=455.161 170.9 141.668 284.261 56.9409 227.32 204.748 43.8331 29.9893 160.914 136.882 25.039 22.5724 111.843 29.2322 17.2704 18.4121 25.1495
internal_count=13094 7869 7384 5225 2089 3136 2337 711 767 1626 1421 537 799 884 485 423 638 533
is_linear=0
shrinkage=0.03


Tree=11
num_leaves=16
num_cat=0
split_feature=0 123 62 117 71 130 8 1 74 125 96 20 125 25 79
split_gain=471.493 419.104 357.116 207.824 201.772 124.613 111.26 64.3197 63.5291 52.7772 157.686 44.2803 25.5801 17.3805 0.922193
threshold=52.500000000000007 inf 2.5000000000000004 0.30591021478176122 106.25000000000001 51.750000000000007 37.524999618530281 66.924999237060561 inf 79.165000915527358 73.750000000000014 7.4449999332427987 84.58499908447267 9.7249999046325701 37.084165573120124
decision_type=2 8 2 10 10 10 8 2 8 10 10 8 10 10 8
left_child=1 2 8 4 5 6 -4 -3 -1 10 11 -2 -5 -7 -6
right_child=9 7 3 12 14 13 -8 -9 -10 -11 -12 -13 -14 -15 -16
leaf_value=-0.029417308935120814 0.060436306967802701 0.0421585752363451 -0.022500626076261458 -0.026270098035296861 -0.0036211829426660552 0.15533922164032329 0.085648989656969668 0.12447390621067228 0.058485878260292001 0.12003962147332417 0.013077982636254796 0.11742568833043096 0.030177708078912995 0.066805221097116396 -0.021279889879545395
leaf_weight=131.70738395582885 48.174260478466749 20.919670578092337 13.500317684374751 28.697422794997692 6.1063076686114099 19.594310192391276 12.577224402688442 30.791387479752302 3.2704646736383429 44.220429914072156 33.373972960747778 40.240131158381701 4.7366647236049166 16.146143616177142 10.702199549414216
leaf_count=8354 278 369 587 1294 206 125 143 186 16 172 359 196 103 324 338
internal_value=0.0474772 0.024252 0.00721602 0.045759 0.0711255 0.0946203 0.0350479 0.0978263 -0.0252744 0.0873421 0.0712042 0.0912708 -0.0153875 0.128451 -0.0171657
internal_weight=464.758 298.749 247.038 112.061 78.6265 61.818 26.0775 51.7111 134.978 166.009 121.788 88.4144 33.4341 35.7405 16.8085
internal_count=13050 12045 11490 3120 1723 1179 730 555 8370 1005 833 474 1397 449 544
is_linear=0
shrinkage=0.03


Tree=12
num_leaves=16
num_cat=0
split_feature=0 123 24 109 130 145 116 14 100 14 117 104 93 117 112
split_gain=382.81 349.877 294.181 196.129 192.033 162.303 87.0801 51.5418 140.194 103.338 36.7701 7.20146 4.68862 4.11835 2.54621
threshold=51.500000000000007 98.250000000000014 0.7150000035762788 99.261363983154311 52.750000000000007 -4.4000000953674308 36.555000305175788 14.34999990463257 17.625000000000004 9.6500000953674334 0.23094994574785235 98.520832061767592 -5.1649999618530265 0.070460703223943724 0.62239664793014537
decision_type=2 8 8 8 10 8 10 10 10 8 8 8 10 10 8
left_child=1 2 3 5 11 -1 -7 8 9 -2 -3 -5 -12 -8 -6
right_child=7 10 -4 4 14 6 13 -9 -10 -11 12 -13 -14 -15 -16
leaf_value=0.084622158674588735 0.053748901150992137 0.11113841021911582 -0.029138885539656816 -0.020146788900849678 0.065659391856051519 0.046540335686232559 0.00065855439556022628 0.10439780831471478 0.092797207637056067 -0.026599905949738704 0.020138536640434322 0.013621722182751277 0.059128171776544336 -0.02835963740026505 0.14317798246825431
leaf_weight=15.131109212525187 30.605292560532689 30.629826173186302 106.84038026630878 9.441912730224427 16.34257029555738 14.117750953882931 4.4966125851497045 63.354726695455611 55.452878640964627 20.207226592116058 12.57747793197632 4.9904054393991837 12.670460537075995 57.078044969588518 16.207428457215428
leaf_count=168 260 107 7144 440 291 389 171 263 224 294 338 128 102 2597 119
internal_value=0.0446409 0.023637 0.00746268 0.0358664 0.0823916 0.00875597 -0.0107137 0.0801121 0.0615923 0.0222752 0.0880231 -0.0079698 0.0462447 -0.0263502 0.118183
internal_weight=470.144 300.524 244.646 137.806 46.9823 90.8235 75.6924 169.62 106.265 50.8125 55.8778 14.4323 25.2479 61.5747 32.55
internal_count=13035 11994 11447 4303 978 3325 3157 1041 778 554 547 568 440 2768 410
is_linear=0
shrinkage=0.03


Tree=13
num_leaves=17
num_cat=0
split_feature=0 113 20 115 115 18 20 122 20 5 5 27 44 23 132 77
split_gain=363.432 357.578 185.93 159.02 131.166 79.7218 76.1993 65.4545 64.1702 49.4414 130.877 31.6876 11.3275 5.08929 4.50341 1.29303
threshold=54.500000000000007 -3.7499999999999996 7.3350000381469735 37.130001068115241 36.395000457763679 27.500000000000004 7.4149999618530282 12.69380044937134 7.3949999809265146 -22.380000114440914 -0.024999999441206452 9.5000000000000018 7.5000000000000009 -2.4500000476837154 2.5611826181411748 1.2024268507957461
decision_type=2 10 10 8 10 10 10 8 10 2 2 8 2 10 8 10
left_child=1 4 13 5 9 14 -5 12 -7 -1 -11 -6 -2 -3 -4 -10
right_child=7 2 3 6 11 8 -8 -9 15 10 -12 -13 -14 -15 -16 -17
leaf_value=0.1116167119562412 0.066768298141139867 -0.029129887462133321 0.0024385566430975081 0.0026176310612775551 0.039493180491735502 0.081701443468711304 0.089474380444866067 0.039502214480297601 -0.016787635884719331 -0.022476173317631215 0.092644197044106022 -0.02261253914246841 0.10310323201357088 0.0023336628788209707 -0.027495425500708316 0.001152460480048632
leaf_weight=38.7369633782655 73.138101145625114 103.14652142394334 4.1466649994254103 12.536139925010501 7.3636489091441062 9.5184659808874148 31.320926665328443 51.195587310940027 5.9614029424265009 12.610566889867188 16.048310198821127 13.445160054601727 57.47364691644907 4.0899307616055003 42.081926771439612 4.4944607960060239
leaf_count=316 373 6898 193 370 111 216 372 362 258 462 83 608 194 143 2038 188
internal_value=0.0412198 0.020659 -0.000416178 0.0263912 0.0698157 -0.00363928 0.0674559 0.0742917 0.0405659 0.0888996 0.0461746 0.00275828 0.0859688 -0.0278794 -0.0248344 -0.011198
internal_weight=487.308 305.501 217.296 110.06 88.2046 66.2029 43.8571 181.807 19.9743 67.3958 28.6589 20.8088 130.612 107.236 46.2286 10.4559
internal_count=13185 12256 10676 3635 1580 2893 742 929 662 861 545 719 567 7041 2231 446
is_linear=0
shrinkage=0.03


Tree=14
num_leaves=20
num_cat=0
split_feature=24 123 14 135 47 14 151 38 84 101 135 114 150 95 150 143 114 112 22
split_gain=316.672 277.036 155.747 292.456 109.355 104.919 90.5238 81.5249 76.2741 67.7563 39.5943 60.992 34.0383 26.918 23.2328 20.0623 8.80932 3.33634 1.72006
threshold=0.2650000005960465 inf 14.34999990463257 15.625000000000002 34.500000000000007 11.750000000000002 1.0000000180025095e-35 2.5000000000000004 107.95833206176759 14.125000000000002 15.625000000000002 37.75041580200196 -1.7499999999999998 50.250000000000007 1.2500000000000002 29.500000000000004 36.87541580200196 0.31978133320808416 28.500000000000004
decision_type=10 8 10 10 2 10 8 2 8 8 10 10 10 10 10 10 8 10 8
left_child=1 4 3 7 15 6 12 9 -8 -2 13 16 -5 -4 -14 -1 -12 -11 -15
right_child=2 -3 10 5 -6 -7 8 -9 -10 17 11 -13 14 18 -16 -17 -18 -19 -20
leaf_value=-0.029297080979271053 0.046644172162617924 0.072351401671518975 0.050725290409495062 0.11636605466709395 0.081419440196872014 -0.00041432838056265576 0.065244026149461384 0.049210168441602163 -0.023607468059579667 -0.0027754580968037648 0.015367520095108779 0.073394296627203273 0.022442146732451981 0.066614405567858984 0.07770152270300261 0.024055665506479685 -0.019860830786625462 -0.029479331106334335 0.11587586379949176
leaf_weight=107.5564254950732 8.4463154263794404 34.113537017256021 30.126696031540632 39.984582662582397 4.2405113875865927 17.757955896668136 12.810065872035922 16.350071581080556 13.193398780189453 5.6760079795494667 7.6662940848618719 17.010117291472852 16.510782770812511 30.132715288549662 22.378410787321627 3.0986572289839378 8.0163142299279571 60.824404189363122 44.851829846389592
leaf_count=7052 251 396 441 149 12 341 111 128 392 205 185 121 388 381 85 76 221 2114 146
internal_value=0.0399518 0.00311358 0.0552956 0.0377998 -0.0196037 0.0671276 0.0780623 -0.00303496 0.0236264 -0.0167974 0.0801822 0.0411632 0.0935307 0.089898 0.05947 -0.0268277 -0.00308787 -0.0275536 0.101482
internal_weight=500.745 149.009 351.736 213.932 114.896 122.635 104.877 91.2968 26.0035 74.9467 137.804 32.6927 78.8738 105.111 38.8892 110.655 15.6826 66.5004 74.9845
internal_count=13195 7536 5659 4164 7140 1466 1125 2698 503 2570 1495 527 622 968 473 7128 406 2319 527
is_linear=0
shrinkage=0.03


Tree=15
num_leaves=21
num_cat=0
split_feature=51 108 79 115 20 100 41 13 129 20 129 19 26 128 74 133 17 81 22 25
split_gain=298.216 202.579 129.265 188.991 169.956 182.894 101.317 96.1861 82.1525 65.2025 50.2025 45.0753 33.777 30.6249 27.488 25.5249 18.7109 17.5385 16.5738 9.28148
threshold=inf 29.750000000000004 38.084165573120124 37.130001068115241 7.3450000286102304 20.625000000000004 7.5000000000000009 1.2450000047683718 74.045833587646499 7.4349999427795419 57.520833969116218 297.00000000000006 3.6950000524520878 -19.420000076293942 96.958332061767592 -7.2499999999999991 174.50000000000003 38.895000457763679 19.500000000000004 9.7249999046325701
decision_type=8 8 10 8 10 8 2 10 10 10 10 10 10 10 10 10 10 10 8 8
left_child=2 6 3 4 10 8 11 -5 13 16 12 17 -1 -6 -3 -7 -9 18 -2 -12
right_child=1 14 -4 7 5 15 -8 9 -10 -11 19 -13 -14 -15 -16 -17 -18 -19 -20 -21
leaf_value=0.053112903262419818 0.016728458599636634 0.024345185968771665 -0.0198813242557912 0.10445719417894606 0.021917644953414975 0.085723113115808353 0.073420041719146567 -0.021969453949706452 0.041971766470558933 0.071751994939528094 0.10831495345239123 0.044390654536345782 -0.01881783798749604 -0.029411036093918163 0.083193751262140125 0.031356266415999465 0.02497276046176302 0.021897893907706727 -0.02951647017096308 0.051429933325228057
leaf_weight=6.9203676702454668 4.3249092958867541 18.133914543315768 18.133848117664456 85.659347866661847 8.6081548333168012 21.960172392427921 6.3018154576420775 10.421917445957662 18.534644005820155 24.018801044672728 27.166423114947975 4.5566978286951771 7.8280325811356306 63.082002953626215 19.898707664571702 23.862550080753863 10.16697532404214 3.343966467306017 110.81930311676115 20.619433654472232
leaf_count=65 137 340 365 411 195 147 25 280 326 128 177 53 360 2356 102 267 122 64 7000 293
internal_value=0.0378045 0.00469171 0.053484 0.0577668 0.0377895 0.0177232 -0.0135907 0.0856981 -0.00752234 0.0427778 0.0769008 -0.0207399 0.019836 -0.0222206 0.0612237 0.0632814 0.00156123 -0.0249406 -0.0271556 0.0909659
internal_weight=514.362 167.379 346.983 328.849 198.582 136.048 129.347 130.267 90.2248 44.6077 62.5343 123.045 14.7484 71.6902 38.0326 45.8227 20.5889 118.488 115.144 47.7859
internal_count=13213 7721 5492 5127 4186 3291 7279 941 2877 530 895 7254 425 2551 442 414 402 7201 7137 470
is_linear=0
shrinkage=0.03


Tree=16
num_leaves=16
num_cat=0
split_feature=0 123 21 110 17 59 15 125 125 20 80 21 114 122 27
split_gain=240.608 280.451 244.004 156.903 86.3825 64.0753 58.3647 53.3963 115.353 67.8201 40.055 38.9151 36.3581 34.4939 5.77533
threshold=52.500000000000007 inf 38.049999237060554 97.750000000000014 466.00000000000006 9.5000000000000018 0.99500000476837169 79.165000915527358 69.415000915527358 7.4449999332427987 1.0000000180025095e-35 36.500000000000007 36.66645812988282 20.734164237976078 33.500000000000007
decision_type=2 8 8 8 10 2 10 10 10 8 10 10 8 10 10
left_child=1 2 3 5 10 -1 11 8 9 -2 13 -5 -3 -4 -12
right_child=7 12 4 6 -6 -7 -8 -9 -10 -11 14 -13 -14 -15 -16
leaf_value=-0.026087833350998763 0.032434155697177766 0.091811330358376769 -0.017647131856698275 -0.019306138284831038 0.048987814050107853 0.046435447529791236 0.098498379219966486 0.087202442261292645 0.0015322160685485959 0.084640020187505646 -0.029504741606538275 0.055317617694909206 0.036851076476471976 0.061603060453858917 0.004290098649838767
leaf_weight=27.674315329641104 49.212458394467831 37.450566535815597 6.8416280522942525 8.3236869638785738 11.470663977786897 11.508807453326879 31.862921021878719 59.419355815276504 35.793839009478688 59.622127270326018 133.87325170543045 8.2522595757618529 28.980877615511417 4.4785876162350178 3.4812537021934977
leaf_count=1285 286 79 480 339 305 142 223 180 351 227 8624 76 472 23 116
internal_value=0.0366929 0.0197101 0.004517 0.0434128 -0.0174345 -0.0019421 0.0768503 0.0617466 0.0487238 0.0634952 -0.0239863 0.0220549 0.0720925 0.0229739 -0.0285276
internal_weight=518.247 314.199 247.767 87.622 160.145 39.1831 48.4389 204.048 144.628 108.835 148.675 16.5759 66.4314 11.3202 137.355
internal_count=13208 12164 11613 2065 9548 1427 638 1044 864 513 9243 415 551 503 8740
is_linear=0
shrinkage=0.03


Tree=17
num_leaves=21
num_cat=0
split_feature=21 123 68 114 115 45 115 153 125 60 13 117 13 151 115 137 89 112 17 125
split_gain=270.125 150.888 183.116 111.435 132.559 148.058 130.28 79.3298 77.5906 63.8948 51.445 75.1334 39.6303 27.35 26.4395 20.0686 19.0757 9.16926 7.59777 5.76657
threshold=30.500000000000004 -35.749999999999993 7.5000000000000009 38.000833511352546 37.130001068115241 7.5000000000000009 36.710000991821296 -26.499999999999996 79.83499908447267 54.500000000000007 1.0699999928474428 0.15139126777648929 1.2450000047683718 0.034999999217689044 36.079999923706062 2.2298762798309331 73.832500457763686 2.4945827722549443 88.000000000000014 104.83499908447267
decision_type=10 10 2 10 8 8 10 8 10 10 10 10 10 8 10 8 10 10 10 10
left_child=1 13 9 4 5 6 7 8 -2 19 11 -9 -6 -1 -12 -14 -15 -7 -8 -3
right_child=3 2 -4 -5 12 17 18 10 -10 -11 14 -13 15 16 -16 -17 -18 -19 -20 -21
leaf_value=0.013953898094277295 -0.025170251653219927 -0.029664401202263851 0.074277490655550588 -0.010986731857795537 0.092929169316684296 -0.026672257900308954 0.0088681164993821421 0.063533221146369404 0.060043356076851857 0.049920273135544008 0.041722649630788727 -0.02175554762332094 0.067304660522647108 0.023300904155109728 0.097802561057825407 0.02160145187610819 0.07929255855767936 0.0086322451098359478 -0.024545631360697977 0.004971194068197151
leaf_weight=19.073417019098997 17.052919752895836 109.47507488541305 15.382536963559685 21.581776158884168 89.175327215343714 23.98738729860634 5.7083053616806891 18.907968386076394 12.442568581551312 5.6348432078957549 21.703037197701633 11.945794139988719 20.754097347147763 14.155343318358062 55.598504102788866 23.687991271726787 20.769144699908793 5.945624944753944 15.541951196268199 3.1191886197775593
leaf_count=395 441 6966 103 386 374 848 155 170 99 17 344 603 123 334 385 288 175 155 587 168
internal_value=0.0371253 0.00786535 -0.0094553 0.0527401 0.057108 0.0391851 0.0504821 0.0608712 0.0142695 -0.0229214 0.0723881 0.0320827 0.0801105 0.0478925 0.0855489 0.0475925 0.0623587 -0.0194279 -0.0155904 -0.0285343
internal_weight=531.643 187.61 133.612 344.033 322.451 188.834 158.901 137.651 29.4955 118.229 108.155 30.8538 133.617 53.9979 77.3015 44.4421 34.9245 29.933 21.2503 112.594
internal_count=13116 8158 7254 4958 4572 3787 2784 2042 540 7151 1502 773 785 904 729 411 509 1003 742 7134
is_linear=0
shrinkage=0.03


Tree=18
num_leaves=16
num_cat=0
split_feature=21 123 0 79 3 81 115 0 71 0 120 122 145 99 145
split_gain=240.58 157.332 129.857 110.965 84.4496 168.67 81.7938 65.8215 46.0338 60.5638 42.0737 36.0194 45.3698 23.5019 20.8812
threshold=29.500000000000004 -35.749999999999993 75.500000000000014 38.084165573120124 1.0000000180025095e-35 36.524999618530281 35.895000457763679 107.50000000000001 87.250000000000014 59.500000000000007 104.75000000000001 12.748414516448976 0.35000000894069677 20.854166984558109 -1.0000000180025095e-35
decision_type=10 10 2 10 8 10 8 2 10 2 10 10 8 8 8
left_child=1 10 -3 4 5 -2 7 -6 9 -8 13 14 -13 -1 -10
right_child=3 2 -4 -5 6 -7 8 -9 11 -11 -12 12 -14 -15 -16
leaf_value=-0.020128090490725805 0.067737378347182672 -0.029180746151043505 0.043499654071855701 -0.019897334545081729 -0.025377284848970876 -0.026713335634773044 -0.022304739530438666 0.057050095701390344 0.044234945289897333 0.060800842034964997 0.067790316755240429 0.0088038609960226725 0.064041538828820091 0.03053777817053227 0.082094512221868546
leaf_weight=8.3973167790099996 26.679940494708717 97.089830759912729 23.53031674399972 17.828639900311828 17.5113909970969 32.541339898481965 12.75657523237169 9.3325542472302896 36.972711448557675 9.8956156969070417 28.592569043859839 25.991087692789733 27.308301790617406 18.873212308622897 139.11376253236085
leaf_count=275 367 6944 185 348 550 1604 606 22 276 9 238 342 186 391 818
internal_value=0.0343738 0.00550257 -0.0138353 0.0484146 0.0522542 0.0177988 0.0591285 0.0077376 0.0643451 0.0184293 0.0449636 0.0683895 0.0401705 0.014235 0.075586
internal_weight=532.415 176.483 120.62 355.932 338.103 59.2213 278.882 26.8439 252.038 22.6522 55.8631 229.386 53.2994 27.2705 176.086
internal_count=13161 8033 7129 5128 4780 1971 2809 572 2237 615 904 1622 528 666 1094
is_linear=0
shrinkage=0.03


Tree=19
num_leaves=17
num_cat=0
split_feature=0 123 21 24 129 17 80 47 122 115 102 90 79 19 3 69
split_gain=192.708 190.181 224.578 115.662 97.7195 79.5421 43.4106 42.3163 58.5687 18.1842 14.2512 13.9747 18.0147 5.93618 5.36842 1.45135
threshold=53.500000000000007 inf 39.250000000000007 0.42499999701976782 58.177083969116218 466.00000000000006 37.920000076293952 12.500000000000002 9.7185778617858904 36.395000457763679 1.9632005691528323 56.084999084472663 37.444166183471687 118.25000000000001 inf 98.791667938232436
decision_type=2 8 8 8 10 10 8 2 10 8 8 8 8 10 8 8
left_child=1 2 3 4 15 11 -5 14 -9 -3 -6 12 -4 -11 -2 -1
right_child=7 9 5 6 10 -7 -8 8 -10 13 -12 -13 -14 -15 -16 -17
leaf_value=-0.018962093539508486 0.04987366062874362 0.074311937376024581 -0.01941836498677833 -0.025988373573111668 0.08588095039087551 0.041960314128497787 0.041954169371145579 0.052189978888426705 0.0013734200460014639 0.016736398088762573 0.037709455678653234 -0.029374383541754517 0.035563187913866909 0.047973911089434808 0.07734724140226984 0.00040322649520363034
leaf_weight=8.0463040415197575 63.423334350809455 37.735149379819632 8.6742706755176151 26.20219842158258 37.624658049084246 12.753027384169398 6.7410391354933372 54.951395153999329 31.369603530503809 19.723416920751333 21.014537748880684 120.13284314237535 3.8520466908812532 14.244913084432481 63.480873298831284 4.4727349020540723
leaf_count=393 259 73 550 1125 265 304 66 273 279 398 347 8295 94 84 154 156
internal_value=0.0326247 0.0175068 0.00470805 0.0373942 0.0577492 -0.0191574 -0.00838908 0.0544765 0.0348092 0.0588339 0.0729368 -0.0263435 0.00281149 0.0343108 0.0660277 -0.0139029
internal_weight=534.442 321.217 249.514 104.101 71.1582 145.412 32.9432 213.225 86.321 71.7035 58.6392 132.659 12.5263 33.9683 126.904 12.519
internal_count=13115 12150 11595 2352 1161 9243 1191 965 552 555 612 8939 644 482 413 549
is_linear=0
shrinkage=0.03


Tree=20
num_leaves=18
num_cat=0
split_feature=0 113 24 137 118 5 14 20 38 122 5 5 123 54 79 94 87
split_gain=188.078 210.255 201.531 133.574 61.6584 59.3374 39.9276 90.0746 130.418 43.5427 39.5307 100.423 37.5186 27.3247 13.8721 12.8966 6.51225
threshold=51.500000000000007 -3.7499999999999996 0.42499999701976782 2.8608843088150029 0.11499999836087228 -6.9350001811981192 14.34999990463257 7.4549999237060556 2.5000000000000004 7.9066920280456552 -22.380000114440914 -0.024999999441206452 53.500000000000007 9.5000000000000018 36.220834732055671 68.541667938232436 25.570898056030277
decision_type=2 10 8 8 8 2 10 10 2 8 2 2 8 8 10 10 10
left_child=1 4 3 5 14 15 7 8 9 -2 -6 -12 16 -7 -1 -3 -4
right_child=6 2 12 -5 10 13 -8 -9 -10 -11 11 -13 -14 -15 -16 -17 -18
leaf_value=0.024461444902089659 0.025003239449350335 -0.019670497270791291 -0.029298986141733638 -0.025333084619841097 0.077308956132946124 0.029206916594569931 0.068622602859658516 0.072528818443984316 0.06068846134010239 -0.026888437234268248 -0.024059608981731755 0.067712162692006639 0.023014170147960207 0.083873159162587863 -0.020693241551856759 0.024805154174024829 0.0065959200126125429
leaf_weight=5.3368731569498769 17.734530292451382 8.8339845743030292 115.41894274204969 22.526497128419578 52.330751863308251 20.344251201488078 97.406006470322609 44.795901516452432 36.413671836256981 36.599441238678992 15.288996730931098 20.022675909101967 10.649896609596906 33.089962357655168 10.124076482839881 5.1959814932197324 3.0049181301146737
leaf_count=112 176 429 8172 1005 352 345 277 97 99 429 488 77 156 219 486 107 139
internal_value=0.0326427 0.0173657 0.000460714 0.0338814 0.0516012 0.054037 0.0529618 0.0396664 0.0205042 -0.00927137 0.0608617 0.0299217 -0.0232349 0.0673399 -0.00293786 -0.00100938 -0.0281579
internal_weight=555.117 322.168 219.064 89.9907 103.103 67.4642 232.95 135.544 90.7476 54.334 87.6424 35.3117 129.074 53.4342 15.4609 14.03 118.424
internal_count=13165 12087 10572 2105 1515 1100 1078 801 704 605 917 565 8467 564 598 536 8311
is_linear=0
shrinkage=0.03


Tree=21
num_leaves=17
num_cat=0
split_feature=14 56 128 35 135 109 66 135 152 13 84 109 116 112 95 25
split_gain=133.263 176.983 166.493 118.618 100.539 80.6246 92.0086 77.2494 70.9909 39.753 38.9101 11.6381 11.3625 6.66491 4.69399 2.16629
threshold=14.949999809265138 3.5000000000000004 113.25000000000001 6.5000000000000009 16.750000000000004 99.20416641235353 9.5000000000000018 16.250000000000004 -0.25000000745058054 1.2050000429153445 98.430831909179702 99.261363983154311 36.395000457763679 0.80115920305252086 70.250000000000014 9.7249999046325701
decision_type=10 2 8 2 10 8 10 10 8 8 10 10 8 10 8 10
left_child=1 2 3 5 8 -1 11 10 -3 -9 -2 -7 -4 -10 15 -12
right_child=7 4 12 -5 -6 6 -8 9 13 -11 14 -13 -14 -15 -16 -17
leaf_value=-0.029651253605432876 0.0175031499676312 0.046886326442466562 0.068912975905261714 0.046212180793739517 0.06383701413033907 0.015276659364479556 0.059447767677123578 0.042758726633671397 0.0034535871077036838 -0.024164499591471059 0.083103281463232523 -0.025688345286474571 0.028528001516024692 -0.02658779497938641 0.038438444132859434 0.051924594973763817
leaf_weight=120.15820914134383 20.407024744898081 21.131882495246828 23.009258068166673 26.800395926460624 97.121295548044145 4.3486426798626807 18.644223490729928 8.1434010984376091 7.5154907479882267 15.403427476994692 56.416556797921658 24.48877605330199 23.687079141847789 21.007729248143733 24.080796677619219 45.386118158698082
leaf_count=7578 286 84 38 120 344 123 317 44 146 543 254 1457 398 610 300 574
internal_value=0.0315339 0.0213636 0.00527329 -0.00727355 0.0467535 -0.016915 0.0150699 0.0534879 0.0105564 0.00241556 0.0613569 -0.0181663 0.0531679 -0.0193378 0.0675258 0.0722847
internal_weight=557.75 387.913 241.137 194.44 146.776 167.64 47.4816 169.837 49.6551 23.5468 146.29 28.8374 46.6963 28.5232 125.883 101.803
internal_count=13216 11215 10031 9595 1184 9475 1897 2001 840 587 1414 1580 436 756 1128 828
is_linear=0
shrinkage=0.03


Tree=22
num_leaves=23
num_cat=0
split_feature=53 80 19 79 123 122 148 69 19 151 106 140 47 44 80 129 89 81 116 132 77 102
split_gain=133.478 157.263 90.7265 95.5278 77.7268 66.2149 117.355 58.4134 54.9214 40.0934 39.7709 33.758 31.7507 21.6725 56.9758 27.0546 16.0998 14.9623 6.15329 1.52714 1.28369 0.0469161
threshold=1.0000000180025095e-35 35.604999542236335 88.250000000000014 38.084165573120124 -31.749999999999996 12.748414516448976 11.500000000000002 77.375000000000014 297.00000000000006 0.044999999925494201 135.50000000000003 -1.0000000180025095e-35 16.500000000000004 1.5000000000000002 36.18499946594239 58.761363983154304 72.861667633056655 37.659999847412116 38.444999694824226 4.4893600940704355 1.5069277882575991 2.0748991966247563
decision_type=2 8 10 10 10 10 8 10 10 8 10 8 2 2 10 8 10 10 10 10 8 10
left_child=1 -1 20 5 9 7 10 12 18 21 19 -9 -4 14 -13 17 -11 -15 -6 -7 -2 -3
right_child=2 4 3 -5 8 6 -8 11 -10 16 -12 13 -14 15 -16 -17 -18 -19 -20 -21 -22 -23
leaf_value=0.067251867083458608 -0.023722611540407959 -0.005400083856279189 -0.022173918325879751 -0.020394061508247321 -0.029366310927680203 -0.0057155912848910881 0.053727743894221948 0.018835824869266271 0.044353485123088156 0.012302276626700456 0.036335781881817464 0.055956524542574659 0.039386908657155537 0.011763958076584143 -0.020904806569956923 0.071749103468317671 0.057359009902324308 0.05138121179455904 0.0064440746385143249 -0.028002384247580496 -0.003594216949035332 -0.019113986938528414
leaf_weight=27.039254888892174 13.641308330930771 5.7277594683691841 12.932457203045489 17.823307729326189 86.16516384202987 6.2516617020592085 44.701363294385374 24.011628083884716 6.0307673159986726 15.644999132491646 7.4436392905190578 18.476330057717863 8.0786666404455882 19.134483835659921 10.42905626632273 152.50085669755936 17.085835001431406 19.467349078506231 2.8288033809512845 30.522855938412249 5.7716659056022754 7.1506298100575805
leaf_count=368 449 188 710 326 6153 193 396 308 39 357 47 180 55 279 496 716 213 135 152 951 209 243
internal_value=0.0299039 0.00722661 0.0394101 0.0427171 -0.00622697 0.0461349 0.0219705 0.0536853 -0.0213695 0.0243162 -0.0123305 0.0577432 0.00451712 0.0614766 0.0292317 0.0654842 0.0403066 0.0353444 -0.0279458 -0.0253512 -0.0197 -0.0162306
internal_weight=558.86 167.673 391.187 371.774 140.634 353.95 88.9195 265.031 95.0247 45.6092 44.2182 244.02 21.0111 220.008 28.9054 191.103 32.7308 38.6018 88.994 36.7745 19.413 12.8784
internal_count=13163 7713 5450 4792 7345 4466 1587 2879 6344 1001 1191 2114 765 1806 676 1130 570 414 6305 1144 658 431
is_linear=0
shrinkage=0.03


Tree=23
num_leaves=21
num_cat=0
split_feature=57 130 96 60 99 146 1 136 144 0 81 144 123 118 100 25 56 114 137 73
split_gain=139.544 124.46 113.707 100.245 88.2508 75.056 68.6829 60.437 56.2329 53.2934 47.9143 40.909 39.5715 31.088 34.2675 24.1794 66.6442 17.3665 15.865 4.06149
threshold=12.500000000000002 52.750000000000007 67.250000000000014 50.500000000000007 12.183333396911623 -0.095000002533197389 60.954999923706062 19.750000000000004 0.095000002533197417 52.500000000000007 38.130001068115241 -0.075000001117587076 87.500000000000014 -0.054999999701976769 21.125000000000004 8.9499998092651385 2.5000000000000004 36.11291694641114 2.8608843088150029 -16.749999999999996
decision_type=8 8 8 10 8 8 2 10 10 2 10 8 8 10 8 10 2 10 10 10
left_child=5 19 13 4 -4 11 -6 8 -7 12 15 -1 -8 -3 -15 -9 17 -17 -18 -2
right_child=1 2 3 -5 6 7 9 10 -10 -11 -12 -13 -14 14 -16 16 18 -19 -20 -21
leaf_value=0.031952316313330419 0.0013373840987773648 0.071346358573216015 0.052594443608403374 0.062779076570549722 -0.029545072891565275 -0.024797467607028268 -0.025639513723673658 0.070254810742404541 0.050136972613790104 0.055939019011453789 0.016408071067213072 -0.0273956589526544 0.027301339399067051 -0.020005515711875095 0.045244599228767057 0.02661791362280326 0.068746419138066547 -0.022654387518777953 0.031787718001549205 -0.028624993615100309
leaf_weight=14.181266179308293 3.9280555937439194 38.742991699837148 18.629428870975971 21.40528516471386 69.125193030573428 18.021873962134123 26.166912395507097 102.9443072732538 9.8707912834361213 13.629351115785537 32.889932230114937 17.973713479936123 16.544048555195332 8.4736254196614045 12.698827865533529 5.0139475883916047 39.98678742069751 13.61525539588183 33.79521996434778 49.936077420599759
leaf_count=122 180 348 163 51 3425 690 1995 487 36 50 355 358 222 454 51 99 191 639 278 2937
internal_value=0.0282364 0.0127802 0.0225408 0.00904179 -0.000778518 0.0427362 -0.0104154 0.0480616 0.00531098 0.0135504 0.0530601 -0.000443928 -0.00442085 0.0562598 0.0202973 0.0586674 0.0428157 -0.00656674 0.0549096 -0.026512
internal_weight=567.573 279.28 225.416 165.5 144.095 288.293 125.466 256.138 27.8927 56.3403 228.245 32.155 42.711 59.9154 21.1725 195.356 92.4112 18.6292 73.782 53.8641
internal_count=13131 9876 6759 5906 5855 3255 5692 2775 726 2267 2049 480 2217 853 505 1694 1207 738 469 3117
is_linear=0
shrinkage=0.03


Tree=24
num_leaves=22
num_cat=0
split_feature=21 81 19 69 14 113 115 138 18 17 122 109 99 81 115 18 18 14 92 148 25
split_gain=148.983 121.096 73.4739 68.0545 64.3633 62.766 51.0416 70.3007 48.8544 106.849 55.1981 41.7423 23.0003 17.6139 55.5728 7.98055 7.82484 7.36022 6.781 6.50664 4.6921
threshold=29.500000000000004 35.604999542236335 88.250000000000014 120.04166793823244 20.300000190734867 inf 35.975000381469734 -17.249999999999996 26.500000000000004 115.50000000000001 12.69380044937134 96.520832061767592 34.083333969116218 37.659999847412116 36.420000076293952 43.500000000000007 74.000000000000014 4.8500001430511483 4.591658592224122 33.500000000000007 10.750000000000002
decision_type=10 8 10 8 10 8 8 10 10 10 10 10 10 8 10 10 10 10 10 10 10
left_child=1 -1 18 6 5 12 7 -4 9 17 13 -12 16 14 -11 -10 19 -8 -2 -3 -16
right_child=2 4 3 -5 -6 -7 8 -9 15 10 11 -13 -14 -15 20 -17 -18 -19 -20 -21 -22
leaf_value=0.066568130129658898 0.0078197772766174806 -0.029276351129924494 0.043683906665877285 -0.013981512163981545 0.037292375468629402 0.025647842796771361 0.006300651261127446 -0.025502389261027127 0.07310228604212432 0.058204674731495924 0.036830666159739796 -0.019721071822748577 0.026273981503457732 0.062164142168422698 -0.021315660726901012 0.040497012019757167 0.0018830666166207845 -0.025987366301071686 -0.023703433583250097 0.0071627619065494589 0.0061695121842048461
leaf_weight=19.718596160411835 6.102396170608702 95.014567638747394 23.143079827539623 16.999632217921317 22.697697944007814 26.225553749129176 6.4554078569635776 20.410932926461101 74.687483103014529 19.173266438767314 21.037267127074301 17.097599137574434 4.2823511799797407 96.098574073985219 9.2934393873438221 33.447052899748087 7.9165188875049344 18.195993050001562 14.164401615038512 2.775162771344184 6.2328496836125842
leaf_count=117 159 7062 94 200 299 333 217 866 374 200 255 405 27 423 349 328 183 534 494 79 202
internal_value=0.0275759 0.00476549 0.0380285 0.0411275 -0.00469998 -0.0127699 0.0440016 0.0119735 0.0483544 0.0375099 0.0458769 0.012129 -0.0226471 0.0549075 0.0295123 0.0652526 -0.0257262 -0.0178955 -0.0145426 -0.0279441 -0.0114669
internal_weight=561.17 178.63 382.539 362.273 158.912 136.214 345.273 43.554 301.719 193.584 168.933 38.1349 109.989 130.798 34.6996 108.135 105.706 24.6514 20.2668 97.7897 15.5263
internal_count=13200 8100 5100 4447 7983 7684 4247 960 3287 2585 1834 660 7351 1174 751 702 7324 751 653 7141 551
is_linear=0
shrinkage=0.03


Tree=25
num_leaves=27
num_cat=0
split_feature=20 151 108 79 107 120 128 69 120 4 146 1 38 57 108 122 79 152 130 129 153 130 145 95 18 130
split_gain=122.443 92.9963 110.659 81.6398 56.4205 50.187 40.7892 36.9415 35.5691 112.268 66.7897 46.0073 48.3519 30.9858 26.7173 18.2165 11.5951 11.2583 35.3376 9.83377 6.6972 6.58558 6.2298 4.51287 3.01586 2.90037
threshold=7.5050001144409189 0.044999999925494201 -66.499999999999986 38.084165573120124 1.9745059609413149 85.875000000000014 17.085000038146976 86.708332061767592 93.750000000000014 1.0000000180025095e-35 -1.0000000180025095e-35 67.884998321533217 2.5000000000000004 7.5000000000000009 -4.2499999999999991 9.6740436553955096 37.500833511352546 1.0500000119209292 63.250000000000007 68.674240112304702 -33.499999999999993 54.250000000000007 2.7500000000000004 60.250000000000007 21.500000000000004 44.250000000000007
decision_type=8 10 10 10 8 8 10 10 10 10 8 2 2 10 8 10 10 8 10 10 8 10 10 8 8 10
left_child=3 2 -2 4 24 15 8 23 11 10 14 12 20 17 -10 -6 19 -12 21 -15 -7 -19 -4 -3 -1 -11
right_child=1 7 22 -5 5 6 -8 -9 9 25 13 -13 -14 16 -16 -17 -18 18 -20 -21 -22 -23 -24 -25 -26 -27
leaf_value=0.001468622533047856 0.033063797808661546 0.01038690484053623 -0.028998515807615935 -0.021138055317983823 0.024278104962341587 0.0087882118016079456 -0.0017011543159674448 0.054922383051717975 0.025576326440786629 0.0010338785131979715 0.064692127291765586 0.074393875953413083 0.054592472062146936 -0.019440731729812713 -0.025142564303777662 -0.023486940121568618 0.033903065605780429 -0.012069415835147557 0.054725865536386586 0.018885108469664007 -0.02141387736367743 0.016956980745491405 0.0073715000635558919 -0.01777552414246791 -0.02122860776937836 -0.024725293454313409
leaf_weight=7.4479015786200788 33.785912852734327 5.1574127720668885 83.63833415787667 19.286093387752771 7.1939119640737799 8.5825522048398835 17.137359173968434 30.342788817360997 13.897938853129743 4.2041542902588871 90.249822675250471 71.142053170129657 20.716708045452833 8.1300099445506948 13.498492995277049 12.753909490071235 11.461440854705868 9.3439368074759859 30.936673921532929 6.183364273980259 9.0015198728069681 8.9453579280525428 2.5570516455918542 5.9442880926653752 9.0812429161742312 20.039116342552006
leaf_count=189 331 155 6584 362 107 106 375 316 149 168 324 294 31 362 271 446 74 291 123 97 310 119 110 277 253 985
internal_value=0.025934 0.00372424 -0.00985959 0.0347571 0.0378321 0.0402912 0.0429446 0.0398771 0.0452795 0.0365704 0.0441403 0.0601871 0.0282553 0.0511362 0.000563034 -0.00484772 0.0167031 0.056701 0.0374362 -0.00228121 -0.00799061 0.00272006 -0.0275746 -0.00552963 -0.0130355 -0.0208453
internal_weight=560.659 161.426 119.981 399.234 379.947 363.418 343.471 41.4445 326.333 216.89 192.647 109.443 38.3008 165.251 27.3964 19.9478 25.7748 139.476 49.226 14.3134 17.5841 18.2893 86.1954 11.1017 16.5291 24.2433
internal_count=13209 7773 7025 5436 5074 4632 4079 748 3704 2963 1810 741 447 1390 420 553 533 857 533 459 416 410 6694 432 442 1153
is_linear=0
shrinkage=0.03


Tree=26
num_leaves=19
num_cat=0
split_feature=0 113 20 82 135 5 5 125 47 18 17 106 109 83 19 114 77 113
split_gain=108.75 174.052 105.703 91.2511 73.0658 53.7918 65.3919 42.8576 60.1201 105.02 37.8606 26.0197 16.1499 21.4131 12.457 10.6867 3.62057 2.72379
threshold=55.500000000000007 -3.7499999999999996 7.3150000572204599 0.12607533484697345 13.875000000000002 -87.650001525878892 -0.024999999441206452 79.165000915527358 12.500000000000002 36.500000000000007 466.00000000000006 105.75000000000001 99.577381134033217 -0.26000000536441797 161.50000000000003 37.636751174926765 2.7149277925491337 -4.2499999999999991
decision_type=2 10 10 10 10 2 2 10 2 10 10 10 10 8 10 10 10 10
left_child=1 5 -3 4 -4 -1 10 8 -2 -10 17 14 16 -14 15 -6 -5 -7
right_child=7 2 3 12 11 6 -8 -9 9 -11 -12 -13 13 -15 -16 -17 -18 -19
leaf_value=0.062458197586817192 0.043547647054036374 -0.028776937852446192 -0.022729124879128499 -0.027254880256089874 0.0044060471827678969 -0.026059699216280301 0.052750660405718568 0.059313957703885381 -0.029792332799757251 0.046230914497194533 0.041369502853560558 0.0087382576005609336 0.033875062067157576 -0.020235504873646174 0.070499399284888714 0.044299064579598431 0.0010479666504424865 -0.0012624950801759271
leaf_weight=56.973582344129682 97.636023240163922 79.887843574397266 14.062496230006216 35.454113242216408 11.195328728295864 23.179702178575099 24.645156726241112 76.485809624195099 31.640934901311994 24.590663753449917 6.3016575677320352 15.686124891042708 8.248400239273904 8.4490864593535679 26.983237456530333 12.220619433559476 4.1202241294085971 5.2572428155690458
leaf_count=299 276 6789 698 1728 377 761 157 160 362 107 35 358 109 297 98 72 147 319
internal_value=0.0250191 0.0137181 -0.0023618 0.0135775 0.0333127 0.0424762 0.0199436 0.0407013 0.0298736 0.00451376 -0.00704001 0.0459979 -0.0149559 0.0081411 0.0557592 0.0293573 -0.0245212 -0.0223497
internal_weight=563.018 332.665 216.307 136.42 80.1478 116.357 59.3838 230.353 153.868 56.2316 34.7386 66.0853 56.2718 16.6975 50.3992 23.4159 39.5743 28.4369
internal_count=13149 12244 10673 3884 1603 1571 1272 905 745 469 1115 905 2281 406 547 449 1875 1080
is_linear=0
shrinkage=0.03


Tree=27
num_leaves=18
num_cat=0
split_feature=60 8 60 123 137 115 118 8 91 44 115 140 152 84 82 84 42
split_gain=96.6488 106.932 122.688 95.3023 84.9779 64.9718 62.8248 42.8996 28.5207 28.082 44.0858 27.1226 21.7102 15.7071 6.59476 6.1181 1.8159
threshold=13.500000000000002 35.604999542236335 50.500000000000007 inf 7.0716035366058358 36.055000305175788 inf 38.024999618530281 90.165000915527358 1.5000000000000002 36.395000457763679 2.0499999523162846 -1.0000000180025095e-35 113.54166793823244 0.69809854030609142 111.17708206176759 16.500000000000004
decision_type=8 8 10 8 8 8 8 10 8 2 10 10 10 8 10 8 8
left_child=4 -2 3 11 5 6 16 9 -5 10 -7 14 15 -14 -3 -11 -1
right_child=1 2 -4 8 -6 7 -8 -9 -10 12 -12 -13 13 -15 -16 -17 -18
leaf_value=-0.026282917525312727 0.052740522220341909 -0.029663985188707505 0.053103267243926014 0.051070697349602477 -0.018868756943320103 0.04090852628178826 0.047031184229300999 0.0053847637744662991 0.00038563766873345835 0.034270510895226314 -0.022028918196401581 0.01821781142279871 0.040745907606792649 0.0053237963915240888 0.0070863724741336669 0.059572696251569031 -0.0029701275890281929
leaf_weight=21.970642096363012 36.303087606094778 106.55618381220847 26.772156476974487 17.809847921133041 21.952961188741028 20.663520446978509 12.951611168682573 25.810472239740193 17.916822716593742 35.729200384579599 12.373031990602611 9.0406204257160407 27.149306646548212 19.967606565915048 2.7745017418637863 149.35728225857019 4.9433645242825142
leaf_count=899 262 7713 74 67 373 350 16 368 335 343 607 217 180 331 127 677 192
internal_value=0.0252251 0.00918646 -0.000739015 -0.0114682 0.0348299 0.0386201 0.00236005 0.0434629 0.0288202 0.0470001 0.0175396 -0.0243032 0.0507335 0.0276854 -0.0284622 0.0557183 -0.0231372
internal_weight=570.042 217.173 180.87 154.098 352.869 330.916 39.8656 291.05 35.7267 265.24 33.0366 118.371 232.203 47.1169 109.331 185.086 26.914
internal_count=13131 8795 8533 8459 4336 3963 1107 2856 402 2488 957 8057 1531 511 7840 1020 1091
is_linear=0
shrinkage=0.03


Tree=28
num_leaves=17
num_cat=0
split_feature=0 147 18 13 108 17 117 18 48 112 48 132 9 17 107 112
split_gain=101.068 105.407 87.2082 109.536 89.8416 89.12 38.0794 25.691 23.868 52.5716 48.2783 13.6436 7.41675 7.04872 4.67488 2.25517
threshold=56.500000000000007 -0.15000000223517415 26.500000000000004 1.4099999666213991 inf 185.50000000000003 0.23489519953727725 22.500000000000004 5.5000000000000009 0.78011745214462291 19.500000000000004 5.1011548042297372 121.12500000000001 381.00000000000006 13.611617565155031 2.5337120294570927
decision_type=2 10 10 8 8 10 10 10 8 10 10 8 10 10 8 8
left_child=1 2 3 6 7 12 -1 13 -2 -10 -11 -8 -4 -5 -3 -7
right_child=8 14 5 4 -6 15 11 -9 9 10 -12 -13 -14 -15 -16 -17
leaf_value=0.053842404367652669 0.048827190760187308 -0.027994606022769247 0.064436128967465589 -0.02885696769536077 0.030993368115697466 -0.021687305213154602 0.022819670964207766 0.013583933302649689 0.054066672247108795 -0.010825348794759359 0.036782805764001801 -0.020564487980883409 0.029014634264004083 0.0083609106072762372 0.0028969336631136412 0.0022106825317089627
leaf_weight=43.59539897274226 120.20384392142296 45.656656060367823 53.019118444062769 82.66784745734185 36.315802298486233 12.009556835517284 7.622978704050186 13.22460574749857 35.017662979662418 40.814203504472971 28.571422576904297 8.5046064872294647 20.171323598362505 2.7517550550401202 3.8586600665003052 3.4039195822551855
leaf_count=320 255 2445 395 6344 341 785 132 374 89 395 97 287 389 158 152 110
internal_value=0.0238827 0.0130727 0.0201481 0.00846287 -0.00669433 0.0439998 0.0405857 -0.0213949 0.0392665 0.0265304 0.00993332 0.000489261 0.0571536 -0.027262 -0.0255424 -0.0171609
internal_weight=557.409 332.802 283.287 194.683 134.96 88.6039 59.723 98.6442 224.607 104.403 69.3856 16.1276 73.1904 85.4196 49.5153 15.4135
internal_count=13068 12232 9635 7956 7217 1679 739 6876 836 581 492 419 784 6502 2597 895
is_linear=0
shrinkage=0.03


Tree=29
num_leaves=18
num_cat=0
split_feature=0 113 80 115 126 150 65 80 148 87 137 116 132 153 44 82 126
split_gain=109.016 152.218 96.7894 58.7938 35.2075 32.8435 38.418 29.8175 25.7354 21.5991 17.2731 15.6156 16.9044 12.2415 10.5231 4.27217 2.24087
threshold=54.500000000000007 -2.7499999999999996 37.764999389648445 36.395000457763679 116.16500091552736 -1.8499999642372129 7.5000000000000009 37.055000305175788 -24.499999999999996 10.757361412048342 1.815964460372925 36.524999618530281 4.7265167236328134 7.5000000000000009 5.5000000000000009 0.20106798410415652 79.58499908447267
decision_type=2 10 10 10 8 8 2 8 8 8 8 10 8 8 2 10 8
left_child=1 3 5 4 11 7 14 -3 -5 13 -4 -1 -13 -2 -7 -14 -10
right_child=9 2 10 8 -6 6 -8 -9 16 -11 -12 12 15 -15 -16 -17 -18
leaf_value=0.062386610574562192 0.051024672089213075 -0.020906087109590771 0.049375075003923588 0.030414061842498796 0.0060441469486005647 -0.029389031800965582 0.025279785079592828 0.034650960252457723 0.00044737318240302914 0.021740485137782727 0.0068328767086635852 0.041719801402240589 0.011287601099429175 0.029164904501189703 0.006282963714275335 -0.016503134435956742 -0.023791462903954216
leaf_weight=60.078415663912892 112.43816633708775 10.620147368870677 22.204395147971809 9.4322863817214948 18.281195199117064 110.72264771815389 10.023381602950392 15.758504688739775 3.8832281269133153 69.606056354939938 15.229140466079114 15.668312012217941 4.9234400400891882 62.75297380425036 6.2538308817893258 5.2759628565981984 16.068966046907008
leaf_count=301 288 631 155 107 378 8173 152 232 171 354 390 123 152 278 142 252 835
internal_value=0.0234422 0.0117502 -0.00549656 0.0356903 0.0458259 -0.0161495 -0.0223522 0.0125163 -0.00169678 0.038392 0.0349121 0.0534902 0.0260694 0.0442211 -0.0273026 -0.0037879 -0.0199296
internal_weight=569.221 324.424 190.812 133.612 104.227 153.379 127 26.3787 29.3845 244.797 37.4335 85.9461 25.8677 175.191 116.976 10.1994 19.9522
internal_count=13114 12194 9875 2319 1206 9330 8467 863 1113 920 545 828 527 566 8315 404 1006
is_linear=0
shrinkage=0.03


Tree=30
num_leaves=23
num_cat=0
split_feature=21 8 60 123 114 115 109 20 25 5 5 108 107 94 120 68 20 149 128 76 1 132
split_gain=87.8337 93.4293 71.514 64.2086 57.6103 67.1231 90.2603 65.8914 73.921 44.5849 36.1106 26.4128 19.192 20.2084 18.046 16.2326 13.9593 13.5898 6.68248 5.24312 4.01736 0.987244
threshold=29.500000000000004 35.604999542236335 51.500000000000007 -38.749999999999993 38.000833511352546 37.130001068115241 95.841667175292983 7.3849999904632577 9.7249999046325701 -136.27999877929685 -0.024999999441206452 -4.7499999999999991 5.3137109279632577 71.183330535888686 115.75000000000001 7.5000000000000009 7.4149999618530282 -2.4750000238418575 -4.4200000762939444 93.250000000000014 58.375000000000007 7.7946536540985116
decision_type=10 8 10 10 10 8 10 10 10 2 2 10 8 10 10 2 10 10 8 8 2 10
left_child=1 -1 3 9 5 6 12 8 18 -3 -11 14 -2 -14 20 19 17 -7 -8 -5 -9 -10
right_child=4 2 -4 15 -6 16 7 11 21 10 -12 -13 13 -15 -16 -17 -18 -19 -20 -21 -22 -23
leaf_value=0.054666042770629371 0.053199100393586801 0.054663058080252569 0.051145543895417582 0.0055624304297462873 -0.013257063459156958 0.044361635988299876 0.053435000416473255 -0.021314761030707452 -0.023649159724995768 -0.025767343421987863 0.032644073135650195 -0.029696924727077138 -0.0089570958295877683 0.038028410005810913 0.032721503661822117 0.012775128602714198 0.055701562205019685 0.010862744765152359 0.021096505784487012 -0.029310728197340527 0.004642750131547648 -0.0033870080914890854
leaf_weight=24.681361849419773 66.194994118064642 13.453508730977772 14.095623478293417 2.5348358368501058 21.850245765410364 23.702557890675962 30.102974279783666 8.4641665797680634 14.608511832542719 19.924695289693773 10.468073983676733 37.97455738298595 12.188484919257464 13.245643826201556 9.3955199373885971 6.8623403934761873 111.98780313879251 24.51907573454082 18.961516675539315 83.106331122107804 6.4399643260985604 4.5451554954051963
leaf_count=229 383 102 21 105 380 135 238 231 661 567 107 1121 353 93 83 70 344 309 350 6806 230 163
internal_value=0.0239764 0.00600486 -0.00347985 -0.0107364 0.0315947 0.034296 0.0227787 0.0062449 0.0257474 0.0178401 -0.00387939 -0.0154449 0.0447836 0.0177398 0.00809465 -0.0245017 0.0490913 0.0299493 0.0440443 -0.0280286 -0.01175 -0.0205374
internal_weight=579.308 175.127 150.445 136.35 404.181 382.331 222.121 130.492 68.2182 43.8463 30.3928 62.2742 91.6291 25.4341 24.2997 92.5035 160.209 48.2216 49.0645 85.6412 14.9041 19.1537
internal_count=13081 8007 7778 7757 5074 4694 3906 3077 1412 776 674 1665 829 446 544 6981 788 444 588 6911 461 824
is_linear=0
shrinkage=0.03


Tree=31
num_leaves=17
num_cat=0
split_feature=0 113 109 115 118 1 84 144 131 18 156 150 5 106 150 18
split_gain=92.3854 110.517 113.815 68.2133 45.1891 34.8009 34.2925 31.6612 29.041 26.3512 48.886 40.1758 23.6663 14.9173 14.8378 14.5748
threshold=55.500000000000007 -2.7499999999999996 99.261363983154311 36.395000457763679 0.054999999701976783 56.449998855590827 1.0000000180025095e-35 -0.10999999940395354 89.750000000000014 6.5000000000000009 0.9581582546234132 2.4500000476837163 -26.335000038146969 84.750000000000014 -4.8500001430511466 41.500000000000007
decision_type=2 10 10 10 8 2 10 10 10 8 8 10 2 10 8 10
left_child=1 4 6 -4 15 12 -3 8 -5 -2 11 -11 -6 -7 -8 -1
right_child=9 2 3 7 5 13 14 -9 -10 10 -12 -13 -14 -15 -16 -17
leaf_value=-0.022507568548726934 0.055174700995955776 0.017826876010337524 -0.02357625433137291 -0.021559313837092801 0.031277992883444072 0.018810639949646647 0.0070496126853005336 0.054382226349811109 0.036318194337373814 0.022327376989591377 0.0041382290437278167 0.056760694148687729 -0.022224926694132244 0.054474095145113061 -0.02912619764474627 0.022329717485924227
leaf_weight=13.572571374941619 58.197727657854557 15.443150484934447 16.302293492015451 11.172793721780183 9.0268495590426046 20.556113606784493 9.4227769630961102 39.188090368174016 10.370771339628844 77.800669325515628 50.585430517792702 60.776303295046091 10.92362265801057 70.72269144654274 96.162861095741391 5.3591248486191025
leaf_count=811 97 146 1026 626 96 390 345 253 135 384 304 89 352 566 7373 107
internal_value=0.023137 0.0124054 -0.00182207 0.0257257 0.0333216 0.0403554 -0.019681 0.0397466 0.00789511 0.0368488 0.029935 0.0388797 0.00339995 0.0478366 -0.025725 -0.00780167
internal_weight=575.584 328.224 198.063 77.0339 130.161 111.229 121.029 60.7317 21.5436 247.36 189.162 138.577 19.9505 91.2788 105.586 18.9317
internal_count=13100 12226 9904 2040 2322 1404 7864 1014 761 874 777 473 448 956 7718 918
is_linear=0
shrinkage=0.03


Tree=32
num_leaves=21
num_cat=0
split_feature=21 0 123 79 81 20 15 153 17 27 1 94 5 0 150 71 18 17 17 94
split_gain=80.8217 91.3926 110.534 80.1034 48.5687 74.5205 49.3085 71.2546 47.0526 43.8761 36.8918 30.2163 20.629 18.4343 17.7413 8.56518 7.38684 36.0493 7.51537 0.805779
threshold=30.500000000000004 75.500000000000014 -38.749999999999993 38.084165573120124 37.659999847412116 7.3750000000000009 0.70499998331069957 -24.499999999999996 100.50000000000001 1.0000000180025095e-35 62.995000839233406 65.041667938232436 -7.5850000381469718 9.5000000000000018 3.6499999761581425 100.75000000000001 27.500000000000004 236.50000000000003 214.50000000000003 71.958332061767592
decision_type=10 2 10 10 8 10 8 10 10 10 2 8 2 2 10 10 10 10 8 8
left_child=1 2 10 4 5 9 -6 -8 11 14 12 -7 -1 -10 19 -9 17 18 -11 -2
right_child=3 -3 -4 -5 6 8 7 15 13 16 -12 -13 -14 -15 -16 -17 -18 -19 -20 -21
leaf_value=0.022472914182734262 -0.021627422136678516 0.040374960862690039 -0.029272795038244055 -0.026769817340381814 0.055254278691026656 -0.0088205903434754804 0.04260843340096352 0.0053888445661785696 0.018218933687930011 -0.020050819832577369 0.044687257520089223 0.04059630686671474 -0.023821583942417682 -0.028608303661824999 0.025644042454939488 -0.02664717992245471 0.0554590428493376 0.050961212758801333 0.013419229507123322 -0.0035783813124510146
leaf_weight=11.118509418331088 9.484956749714911 42.984101805835962 80.213784611783922 18.197350568138063 115.42144048307091 16.002089992165565 44.921729128807783 9.2515801070258039 5.6151085747405878 8.8263618992641533 28.857710208743811 22.96625229716301 13.805307527072726 37.710436101071537 9.93251501675695 16.792758928611875 49.010882132686675 19.181924734264612 6.1817139256745586 5.371491148136557
leaf_count=144 343 194 7134 356 386 317 297 287 101 378 325 173 336 1436 52 279 222 70 111 205
internal_value=0.0218097 0.00478173 -0.00767781 0.0292863 0.0323097 0.0207631 0.0432472 0.021367 -0.000898132 0.0365794 0.0242809 0.0216082 -0.00286535 -0.0212823 0.00109251 -0.0162321 0.0464911 0.0282001 -0.00635643 -0.0176459
internal_weight=571.848 176.979 133.995 394.869 376.671 190.284 186.388 70.9661 82.2939 107.99 53.7815 38.9683 24.9238 43.3255 24.789 26.0443 83.2009 34.19 15.0081 14.8564
internal_count=13146 8133 7939 5013 4657 3408 1249 863 2027 1381 805 490 480 1537 600 566 781 559 489 548
is_linear=0
shrinkage=0.03


Tree=33
num_leaves=17
num_cat=0
split_feature=0 147 137 113 21 113 69 95 122 151 5 5 106 134 13 21
split_gain=72.5653 98.9469 72.7341 68.5134 64.3625 93.3402 34.7976 35.1698 27.4729 73.8022 26.7345 33.1229 14.4618 12.8131 24.5518 0.285338
threshold=51.500000000000007 -0.15000000223517415 2.8608843088150029 -4.7499999999999991 30.500000000000004 -4.7499999999999991 81.541667938232436 40.500000000000007 11.781952381134035 0.044999999925494201 -138.16500091552732 -0.054999999701976769 107.75000000000001 23.102083206176761 1.9049999713897707 37.20000076293946
decision_type=2 10 10 10 10 10 10 8 8 10 2 2 10 10 8 10
left_child=1 2 4 -4 5 10 7 -6 13 -10 -1 -12 15 14 -2 -8
right_child=8 -3 3 -5 6 -7 12 -9 9 -11 11 -13 -14 -15 -16 -17
leaf_value=0.054174925486256777 0.043217800610297979 -0.027681463031959074 0.029356803111551484 -0.027705171018284781 0.040165238741872708 -0.026873485885690874 0.061477818144205228 -0.022768662971177706 -0.0071610720923010055 0.046565663665025417 -0.022467914753010704 0.037186380790796218 0.021487043509609494 0.052700470445277883 0.01311275348919407 0.035154110922862809
leaf_weight=22.174457238055766 64.474804863333702 42.973896491806954 25.379387067630887 45.747507490683347 9.3182543898001331 36.853968929499388 50.213484057225287 13.270284453406928 46.646195071749389 38.326953141018748 11.999862628057601 11.853438580874352 24.600222723558545 66.605929508805275 46.824771841056645 28.192246782593429
leaf_count=77 149 2547 297 3210 45 3838 206 687 387 99 318 89 386 119 332 401
internal_value=0.0223724 0.0125358 0.0190948 -0.00675355 0.0278652 0.00673836 0.0410153 0.00576711 0.0339836 0.0183133 0.0336472 0.00848315 0.0481202 0.040763 0.0316606 0.0546875
internal_weight=585.456 322.577 279.603 71.1269 208.476 82.8817 125.594 22.5885 262.879 84.9731 46.0278 23.8533 103.006 177.906 111.3 78.4057
internal_count=13187 12101 9554 3507 6047 4322 1725 732 1086 486 484 407 993 600 481 607
is_linear=0
shrinkage=0.03


Tree=34
num_leaves=26
num_cat=0
split_feature=137 56 14 112 105 15 113 90 130 114 109 56 136 136 17 71 153 134 113 24 42 153 105 105 116
split_gain=60.9689 85.6578 95.2007 93.1286 59.7973 54.7044 45.8025 32.7928 29.2446 35.2281 27.901 29.9506 40.7236 39.9041 27.7863 15.2561 14.0475 12.9004 10.8131 6.30154 16.6164 4.64145 1.87997 0.882582 0.838184
threshold=6.8208727836608896 3.5000000000000004 14.949999809265138 0.81834807991981517 87.250000000000014 0.99500000476837169 -41.999999999999993 90.165000915527358 53.750000000000007 36.390453338623054 95.587123870849624 13.500000000000002 30.750000000000004 21.125000000000004 85.500000000000014 118.25000000000001 -39.499999999999993 14.17424249649048 -3.7499999999999996 0.2650000005960465 20.500000000000004 -96.499999999999986 84.750000000000014 81.750000000000014 37.289999008178718
decision_type=10 2 8 10 10 10 10 8 8 10 10 2 10 10 10 8 8 8 10 10 8 10 10 10 8
left_child=1 2 3 5 7 -1 -6 8 9 -4 -3 12 13 -12 18 -9 -7 -18 -5 20 -10 -16 -15 -22 -19
right_child=-2 10 4 14 6 16 -8 15 19 -11 11 -13 -14 22 21 -17 17 24 -20 -21 23 -23 -24 -25 -26
leaf_value=-0.022551796823350078 -0.02770318493523307 0.055105855206124384 0.034691663552222154 0.0284596229174955 0.035661447715473145 0.050136226047539423 -0.026616074888317683 -0.022234128372655582 -0.0080184753204111704 -0.021925571428262961 0.024161310876288228 0.047727095506385687 0.040291138176180054 -0.0072447564893751816 0.002547308127947785 0.018647170121084737 0.032294651827492277 -0.015617246232181978 -0.011123663979179726 0.054341139452065923 0.017829236510170956 -0.029644600033881488 -0.027732264468593924 0.046750476603942312 0.00037651939970609517
leaf_weight=13.493678134400396 17.805242386646569 66.522413039114326 19.653298382647339 8.6973238373175281 11.222611414268611 30.633730371017009 26.163719472009689 8.797630656044932 7.0670803836546865 12.175172119867055 28.125323123298585 47.537715822458267 36.063114567659795 10.471420609392228 3.4437264790758482 15.406694026663898 7.224270977079871 4.9330022600479397 7.6100701699033371 74.289498463273048 11.374856107402595 76.861085034906864 17.766021621413529 12.759976251050828 3.8669302775524566
leaf_count=1004 347 228 349 83 22 93 1403 416 319 798 396 75 115 309 71 276 77 280 379 381 484 4719 251 92 174
internal_value=0.0215754 0.0233666 0.0141192 -0.00335807 0.0276379 0.0247494 -0.00592017 0.0353498 0.0408435 0.0129978 0.0385849 0.0291029 0.0175661 0.000927455 -0.0212148 0.00252527 0.0392879 0.0115577 0.0117119 0.0482767 0.0283267 -0.0281957 -0.0223675 0.0385188 -0.0109992
internal_weight=579.966 562.16 355.674 156.764 198.911 60.1516 37.3863 161.524 137.32 31.8285 206.486 139.964 92.4259 56.3628 96.6122 24.2043 46.6579 16.0242 16.3074 105.491 31.2019 80.3048 28.2374 24.1348 8.79993
internal_count=13141 12794 11420 6880 4540 1628 1425 3115 2423 1147 1374 1146 1071 956 5252 692 624 531 462 1276 895 4790 560 576 454
is_linear=0
shrinkage=0.03


Tree=35
num_leaves=23
num_cat=0
split_feature=69 116 69 27 85 18 20 17 24 5 17 45 44 145 142 134 17 51 117 5 125 135
split_gain=66.4867 92.7521 67.3649 55.7215 48.1504 53.4962 79.0318 82.2629 51.5743 35.269 29.7019 33.3679 27.8018 26.9471 22.4708 22.2744 20.0251 11.9358 6.87823 5.95625 2.91323 19.3449
threshold=81.541667938232436 35.604999542236335 120.35416793823244 51.500000000000007 83.750000000000014 27.500000000000004 7.4049999713897714 319.50000000000006 0.48999999463558203 -138.16500091552732 164.50000000000003 11.500000000000002 11.500000000000002 0.65000000596046459 0.55000001192092907 21.177083015441898 182.50000000000003 30.500000000000004 0.23906381428241733 -0.024999999441206452 86.915000915527358 19.750000000000004
decision_type=8 10 10 10 8 10 10 8 10 2 8 10 2 10 8 10 8 10 10 2 10 10
left_child=1 -1 4 -3 -2 6 7 12 9 -9 11 -8 17 19 15 -7 -16 -6 -12 -11 21 -18
right_child=2 3 -4 -5 5 14 10 8 -10 13 18 -13 -14 -15 16 -17 20 -19 -20 -21 -22 -23
leaf_value=0.039299756260203524 -0.02379262988271609 -0.029033273773093896 -0.026432301823012278 0.038423097467637335 -0.029418514431671386 0.00063045543323055845 -0.018842895256748746 0.040365208986023804 0.051533375085487082 -0.026661770648488854 0.053973561068544278 0.033593897263653888 0.029889506048690985 0.03072511922653744 0.061996561852388672 0.040054954502401 -0.01869655962148082 0.011661240862155208 0.031183640048525255 0.0012653716389008384 0.034510146679028346 0.034045819697085145
leaf_weight=30.660519985016435 12.16660313727334 64.386763050686568 17.662130496930331 8.638046979904173 53.355047697201371 21.757649701088667 15.429555237293242 13.127179971430449 32.444460395723581 25.637678474653509 55.625124426558614 19.372913497500122 5.0937616862356654 7.3347553750500074 69.541818297002465 27.264969566836953 7.5023706913925716 4.4844827111810437 55.063162039034069 8.2960082790814358 10.128271189983934 8.1752088172361237
leaf_count=345 338 4859 367 7 2589 391 435 279 251 1382 186 82 6 70 305 149 425 43 349 177 43 52
internal_value=0.0209043 -0.000819422 0.0256603 -0.019103 0.0279638 0.0296475 0.0216971 0.0060468 0.0243935 0.00523042 0.0370719 0.0108996 -0.0192015 -0.00910002 0.0446372 0.0242351 0.0533966 -0.025559 0.0444742 -0.0205485 0.0239204 0.0103885
internal_weight=573.148 103.685 469.463 73.0248 451.801 439.634 295.264 149.773 86.8401 54.3956 145.491 34.8025 62.9333 41.2684 144.37 49.0226 95.3477 57.8395 110.688 33.9337 25.8059 15.6776
internal_count=13130 5211 7919 4866 7552 7214 5849 4797 2159 1908 1052 517 2638 1629 1365 540 825 2632 535 1559 520 477
is_linear=0
shrinkage=0.03


Tree=36
num_leaves=22
num_cat=0
split_feature=21 108 0 82 109 108 109 112 84 143 15 151 99 97 117 36 124 99 27 108 108
split_gain=73.045 68.2009 102.975 52.1268 75.9912 27.9647 35.5753 47.4056 34.8277 22.849 17.375 16.9562 13.5851 11.2975 10.1201 16.4593 9.24576 5.94482 5.74361 4.85843 0.0995106
threshold=30.500000000000004 14.750000000000002 76.500000000000014 0.25852122902870184 95.587123870849624 -3.7499999999999996 99.20416641235353 1.6027517318725588 121.52083206176759 12.500000000000002 0.70499998331069957 0.095000002533197417 15.775000095367433 3.3488174676895146 0.22562707215547564 20.500000000000004 72.177082061767592 21.683333396911625 47.500000000000007 3.2500000000000004 -8.2499999999999982
decision_type=10 8 2 10 10 10 8 10 10 8 8 8 10 8 10 8 10 10 10 8 8
left_child=1 2 18 5 -5 14 7 10 17 -6 -7 12 -3 -8 20 -16 -13 -9 -1 -10 -2
right_child=3 11 -4 4 9 6 13 8 19 -11 -12 16 -14 -15 15 -17 -18 -19 -20 -21 -22
leaf_value=-0.029241970529866004 0.034003203783069216 0.023853915479325576 0.029901921741736573 0.038256740366637058 -0.029161321287683811 0.011392403437148951 0.053051483070477023 0.019593395838574581 0.0058645958816173288 0.0097711232668955868 -0.0279066067686576 0.015794218029803627 -0.020022075343692408 0.02283367619087618 0.040523996469880814 0.004335252781533099 0.049153328542849151 0.048591974090055785 0.0070663604818130797 -0.020566359451232797 0.053960972950121894
leaf_weight=76.958357807248831 41.121764335781336 7.2445635716430834 36.757512142881751 34.155914141796529 34.040003360714763 12.105123757384716 31.287448178045452 22.141195678152144 8.4467801917344314 17.710031295195222 24.101599094923586 18.959360977634788 8.2119837566278857 35.705842627678066 23.081454199738801 21.178317016921937 24.969749039039016 25.09572324808687 2.2907849848270407 8.5035512540489453 67.619270924478769
leaf_count=6905 424 85 190 270 1007 226 121 310 137 273 694 321 459 358 136 395 154 104 15 264 269
internal_value=0.020684 0.00433836 -0.00906128 0.0276017 0.00639586 0.033102 0.023393 0.0111779 0.025949 -0.0161507 -0.0149796 0.0291848 0.00134673 0.0396505 0.0426476 0.0254054 0.0378411 0.038176 -0.0278354 -0.0090595 0.0482402
internal_weight=581.686 175.392 116.007 406.294 85.9059 320.388 167.387 100.394 64.1873 51.75 36.2067 59.3857 15.4565 66.9933 153.001 44.2598 43.9291 47.2369 79.2491 16.9503 108.741
internal_count=13117 8129 7110 4988 1550 3438 2214 1735 815 1280 920 1019 544 479 1224 531 475 414 6920 401 693
is_linear=0
shrinkage=0.03


Tree=37
num_leaves=24
num_cat=0
split_feature=14 100 110 14 130 90 150 128 24 117 69 95 115 14 114 44 138 97 38 3 117 22 21
split_gain=62.9626 71.515 69.3761 49.4225 43.6887 37.0352 35.9722 29.2554 28.2408 29.7457 27.5212 23.9825 64.2512 20.2121 18.2303 15.4672 23.952 11.1451 10.3597 10.2275 5.28508 3.7963 0.639857
threshold=14.34999990463257 19.750000000000004 94.750000000000014 8.6500000953674334 50.750000000000007 71.83499908447267 -1.8499999642372129 -14.920000076293944 0.2650000005960465 0.72957620024681102 106.77500152587892 50.750000000000007 37.340000152587898 11.84999990463257 37.741249084472663 1.5000000000000002 28.500000000000004 2.6614513397216801 3.5000000000000004 1.0000000180025095e-35 0.062791623175144209 26.500000000000004 34.250000000000007
decision_type=10 10 8 8 10 8 8 10 10 10 8 10 8 10 8 2 8 10 2 10 8 8 8
left_child=1 2 14 18 7 17 -7 19 9 -2 13 12 -10 15 -1 16 -6 -3 -4 -5 -8 22 -13
right_child=8 5 3 4 10 6 20 -9 11 -11 -12 21 -14 -15 -16 -17 -18 -19 -20 -21 -22 -23 -24
leaf_value=-0.029356965720394815 -0.023726703617161796 0.052070497785785645 -0.026580431504331047 -0.0015672779150359287 -0.018931404719623693 0.034777859030373684 0.004334785123191894 -0.025920088249755783 -0.026015932484246655 0.041477918137068609 -0.0092480543269816036 0.033639018521885937 0.039147705548320512 -0.0011964742988238104 0.0071364732573011361 0.048928981168925821 0.03474123382587993 0.023598661179985422 0.009648229719706929 0.033046328535031484 -0.025586727799647133 0.047240070458171309 0.015659232732946091
leaf_weight=55.633976201061159 13.861393279395999 43.715027838014066 26.538742531556636 13.813907657749951 8.2906203656457382 14.68700105184689 5.3555773920379606 22.860027636401355 17.326080581638962 4.4642786979675284 12.120074199512599 17.728364154696465 31.754992887377739 11.514793383423237 13.319664571899919 55.690368974581361 13.936808586120604 36.195158953778446 6.353972095064818 11.173790642991662 16.305356784723699 94.8179099727422 20.029970903880894
leaf_count=3283 831 238 1681 357 948 68 153 1523 568 4 192 98 126 354 362 333 52 373 40 159 682 394 327
internal_value=0.0191632 0.0115319 0.0023513 0.0120229 0.0193042 0.0304573 0.00446036 -0.00410872 0.0325637 -0.00235621 0.0300106 0.0360551 0.0158658 0.035539 -0.0223017 0.0407126 0.0149216 0.0413233 -0.0192324 0.0168402 -0.0187632 0.0426812 0.0270476
internal_weight=567.488 367.505 251.247 182.293 149.4 116.258 36.3479 47.8477 199.983 18.3257 101.553 181.657 49.0811 89.4326 68.9536 77.9178 22.2274 79.9102 32.8927 24.9877 21.6609 132.576 37.7583
internal_count=13146 10798 9284 5639 3918 1514 903 2039 2348 835 1879 1513 694 1687 3645 1333 1000 611 1721 516 835 819 425
is_linear=0
shrinkage=0.03


Tree=38
num_leaves=28
num_cat=0
split_feature=21 80 114 123 107 1 127 106 137 5 106 79 13 113 104 114 70 118 18 95 5 79 104 120 47 107 93
split_gain=67.2334 82.4189 70.7358 42.5753 34.8584 30.0747 28.5804 27.8316 26.8899 23.9716 20.117 36.9497 24.2197 19.4627 13.0168 12.2603 11.9513 18.5144 10.6451 8.31241 7.45953 5.90106 4.45132 1.97071 1.18437 1.08266 0.71678
threshold=28.500000000000004 35.604999542236335 38.000833511352546 -31.749999999999996 2.1231044530868535 59.864999771118171 1.0000000180025095e-35 84.750000000000014 6.6526365280151376 -0.03499999921768903 116.25000000000001 37.587499618530281 3.2949999570846562 1.7500000000000002 99.887500762939467 34.004167556762702 77.250000000000014 1.0549999475479128 15.500000000000002 50.750000000000007 -44.26499938964843 38.160833358764656 83.34848785400392 92.750000000000014 2.5000000000000004 5.7395207881927499 -35.915000915527337
decision_type=10 8 10 10 8 2 8 10 8 2 10 8 8 10 10 10 10 8 8 8 2 10 8 10 2 10 10
left_child=1 -1 4 5 18 26 -5 15 10 20 13 12 -12 16 -15 -6 17 22 -2 23 -7 -8 -9 -18 -21 -17 -3
right_child=2 3 -4 6 7 9 21 8 -10 -11 11 -13 -14 14 -16 25 19 -19 -20 24 -22 -23 -24 -25 -26 -27 -28
leaf_value=0.044842610583860409 0.012898152555552139 -0.0042903829677389252 -0.026778275119511839 0.027416748407545242 0.024471424803270012 0.016134792857696145 -0.029195035619213387 -0.018662692334591804 0.00023731929170918675 0.049168661751501065 -0.026695046217906655 0.032469328579477631 0.021625627234410506 -0.010255329853554077 0.028076842745510762 -0.021162925551893249 0.030839513108572511 0.035261531907772974 -0.023612179552255384 0.031083337843228899 -0.01805132239977273 0.0075590766424397963 0.0091191693561347136 0.011018849440445283 0.050485098777220093 -0.00098896685765855787 -0.021325760709637431
leaf_weight=26.51020480087027 8.3781725079752523 6.28357702307403 18.790525232441723 5.5238946434110394 4.2183603076264289 6.1762283034622669 69.741108269430697 7.4448165679350469 23.07338560372591 16.079170748591427 17.609650034457449 57.622022550553083 11.20708263106644 12.240853274241092 10.756936818361281 10.757198137696831 18.755514995194972 16.475775889121 11.724163958802817 36.625524650327861 6.8701962400227767 2.223766174633055 4.9352908842265615 16.034980532713234 124.14472138928249 3.4228814630769184 9.3237073631025833
leaf_count=362 114 160 391 76 19 119 6399 378 264 98 355 251 187 360 73 666 161 134 364 377 297 104 129 298 581 156 318
internal_value=0.0188279 0.00144849 0.0249765 -0.00935627 0.0277395 0.0130419 -0.0222931 0.0297903 0.0316258 0.0293764 0.0337596 0.019469 -0.00748379 0.0382678 0.00948626 -0.00496665 0.0409463 0.0181834 -0.00885735 0.043768 -0.00188107 -0.027642 -0.00815025 0.0242367 0.047136 -0.0178205 -0.0171723
internal_weight=562.95 148.732 414.218 122.222 395.427 44.7329 77.4888 375.325 356.927 29.1256 333.853 86.4388 28.8167 247.414 22.9978 18.3984 224.417 28.8559 20.1023 195.561 13.0464 71.9649 12.3801 34.7905 160.77 14.1801 15.6073
internal_count=13191 7933 5258 7571 4867 992 6579 4389 3548 514 3284 793 542 2491 433 841 2058 641 478 1417 416 6503 507 459 958 822 478
is_linear=0
shrinkage=0.03


end of trees

feature_importances:
ICULOS=24
Temp_min12=21
HospAdmTime=20
PaCO2=17
O2Sat_d12=17
SBP_d12=17
Platelets=16
pH=16
WBC=15
BUN=15
Temp_std12=14
Temp_mean6=13
Age=12
Glucose_nmeas=12
HR_d12=12
O2Sat_std12=12
Temp_mean12=12
SBP_std12=12
Glucose=11
O2Sat_mean12=11
FiO2_hrs_since=10
DBP_min12=10
Resp_std12=10
Lactate=9
BUN_nmeas=9
Temp_min6=9
Temp_max12=9
FiO2=8
HR_mean6=8
HR_min12=8
HR_std12=8
MAP_min12=8
Creatinine_vs_baseline=8
Hgb=7
Temp_max6=7
SBP_mean6=7
SBP_std6=7
DBP_std12=7
Resp_min12=7
WBC_vs_baseline=7
HCO3_nmeas=6
BaseExcess_hrs_since=6
Temp_std6=6
DBP_min6=6
Resp_min6=6
HR_mean12=6
HR_max12=6
SBP_min12=6
DBP_mean12=6
Platelets_d12=6
Platelets_vs_baseline=6
Temp=5
Creatinine=5
Lactate_hrs_since=5
HR_max6=5
Resp_mean6=5
Temp_d12=5
MAP_d12=5
Resp_mean12=5
WBC_d12=5
Creatinine_d12=5
Unit1=4
Bilirubin_total_nmeas=4
BaseExcess_nmeas=4
DBP_mean6=4
Resp_std6=4
Resp_max12=4
Bilirubin_total_vs_baseline=4
HCO3=3
Glucose_hrs_since=3
Potassium_nmeas=3
O2Sat_std6=3
SBP_min6=3
MAP_min6=3
MAP_std6=3
MAP_d6=3
O2Sat_min12=3
Resp_d12=3
Lactate_d12=3
Unit2=2
BaseExcess=2
Potassium=2
Creatinine_nmeas=2
Platelets_nmeas=2
BUN_hrs_since=2
pH_hrs_since=2
PaCO2_hrs_since=2
FiO2_nmeas=2
O2Sat_mean6=2
SBP_max6=2
MAP_mean6=2
DBP_max6=2
DBP_std6=2
Resp_max6=2
SBP_mean12=2
MAP_mean12=2
MAP_max12=2
WBC_d6=2
Platelets_d6=2
Bilirubin_total_d12=2
Lactate_vs_baseline=2
HR=1
SBP=1
WBC_nmeas=1
Bilirubin_total_hrs_since=1
pH_nmeas=1
PaCO2_nmeas=1
HCO3_hrs_since=1
Hgb_nmeas=1
Potassium_hrs_since=1
HR_min6=1
HR_d6=1
O2Sat_min6=1
O2Sat_max6=1
Temp_d6=1
MAP_max6=1
SBP_max12=1
MAP_std12=1
DBP_max12=1
DBP_d12=1
Bilirubin_total_d6=1
shock_index=1

parameters:
[boosting: gbdt]
[objective: binary]
[metric: average_precision]
[tree_learner: serial]
[device_type: cpu]
[data_sample_strategy: bagging]
[data: ]
[valid: ]
[num_iterations: 3000]
[learning_rate: 0.03]
[num_leaves: 63]
[num_threads: -1]
[seed: 42]
[deterministic: 0]
[force_col_wise: 0]
[force_row_wise: 0]
[histogram_pool_size: -1]
[max_depth: -1]
[min_data_in_leaf: 200]
[min_sum_hessian_in_leaf: 0.001]
[bagging_fraction: 0.8]
[pos_bagging_fraction: 1]
[neg_bagging_fraction: 1]
[bagging_freq: 1]
[bagging_seed: 400]
[bagging_by_query: 0]
[feature_fraction: 0.6]
[feature_fraction_bynode: 1]
[feature_fraction_seed: 30056]
[extra_trees: 0]
[extra_seed: 12879]
[early_stopping_round: 0]
[early_stopping_min_delta: 0]
[first_metric_only: 0]
[max_delta_step: 0]
[lambda_l1: 0]
[lambda_l2: 5]
[linear_lambda: 0]
[min_gain_to_split: 0]
[drop_rate: 0.1]
[max_drop: 50]
[skip_drop: 0.5]
[xgboost_dart_mode: 0]
[uniform_drop: 0]
[drop_seed: 17869]
[top_rate: 0.2]
[other_rate: 0.1]
[min_data_per_group: 100]
[max_cat_threshold: 32]
[cat_l2: 10]
[cat_smooth: 10]
[max_cat_to_onehot: 4]
[top_k: 20]
[monotone_constraints: ]
[monotone_constraints_method: basic]
[monotone_penalty: 0]
[feature_contri: ]
[forcedsplits_filename: ]
[refit_decay_rate: 0.9]
[cegb_tradeoff: 1]
[cegb_penalty_split: 0]
[cegb_penalty_feature_lazy: ]
[cegb_penalty_feature_coupled: ]
[path_smooth: 0]
[interaction_constraints: ]
[verbosity: -1]
[saved_feature_importance_type: 0]
[use_quantized_grad: 0]
[num_grad_quant_bins: 4]
[quant_train_renew_leaf: 0]
[stochastic_rounding: 1]
[linear_tree: 0]
[max_bin: 255]
[max_bin_by_feature: ]
[min_data_in_bin: 3]
[bin_construct_sample_cnt: 200000]
[data_random_seed: 175]
[is_enable_sparse: 1]
[enable_bundle: 1]
[use_missing: 1]
[zero_as_missing: 0]
[feature_pre_filter: 1]
[pre_partition: 0]
[two_round: 0]
[header: 0]
[label_column: ]
[weight_column: ]
[group_column: ]
[ignore_column: ]
[categorical_feature: ]
[forcedbins_filename: ]
[precise_float_parser: 0]
[parser_config_file: ]
[objective_seed: 16083]
[num_class: 1]
[is_unbalance: 0]
[scale_pos_weight: 5]
[sigmoid: 1]
[boost_from_average: 1]
[reg_sqrt: 0]
[alpha: 0.9]
[fair_c: 1]
[poisson_max_delta_step: 0.7]
[tweedie_variance_power: 1.5]
[lambdarank_truncation_level: 30]
[lambdarank_norm: 1]
[label_gain: ]
[lambdarank_position_bias_regularization: 0]
[eval_at: ]
[multi_error_top_k: 1]
[auc_mu_weights: ]
[num_machines: 1]
[local_listen_port: 12400]
[time_out: 120]
[machine_list_filename: ]
[machines: ]
[gpu_platform_id: -1]
[gpu_device_id: -1]
[gpu_device_id_list: ]
[gpu_use_dp: 0]
[num_gpu: 1]

end of parameters

pandas_categorical:[]
