tree
version=v4
num_class=1
num_tree_per_iteration=1
label_index=0
max_feature_idx=165
objective=binary sigmoid:1
feature_names=ICULOS Age Gender Unit1 Unit2 HospAdmTime HR O2Sat Temp SBP MAP DBP Resp Lactate WBC Creatinine Bilirubin_total Platelets BUN Glucose pH PaCO2 HCO3 BaseExcess FiO2 Hgb Potassium Lactate_hrs_since Lactate_measured Lactate_nmeas WBC_hrs_since WBC_measured WBC_nmeas Creatinine_hrs_since Creatinine_measured Creatinine_nmeas Bilirubin_total_hrs_since Bilirubin_total_measured Bilirubin_total_nmeas Platelets_hrs_since Platelets_measured Platelets_nmeas BUN_hrs_since BUN_measured BUN_nmeas Glucose_hrs_since Glucose_measured Glucose_nmeas pH_hrs_since pH_measured pH_nmeas PaCO2_hrs_since PaCO2_measured PaCO2_nmeas HCO3_hrs_since HCO3_measured HCO3_nmeas BaseExcess_hrs_since BaseExcess_measured BaseExcess_nmeas FiO2_hrs_since FiO2_measured FiO2_nmeas Hgb_hrs_since Hgb_measured Hgb_nmeas Potassium_hrs_since Potassium_measured Potassium_nmeas HR_mean6 HR_min6 HR_max6 HR_std6 HR_d6 O2Sat_mean6 O2Sat_min6 O2Sat_max6 O2Sat_std6 O2Sat_d6 Temp_mean6 Temp_min6 Temp_max6 Temp_std6 Temp_d6 SBP_mean6 SBP_min6 SBP_max6 SBP_std6 SBP_d6 MAP_mean6 MAP_min6 MAP_max6 MAP_std6 MAP_d6 DBP_mean6 DBP_min6 DBP_max6 DBP_std6 DBP_d6 Resp_mean6 Resp_min6 Resp_max6 Resp_std6 Resp_d6 HR_mean12 HR_min12 HR_max12 HR_std12 HR_d12 O2Sat_mean12 O2Sat_min12 O2Sat_max12 O2Sat_std12 O2Sat_d12 Temp_mean12 Temp_min12 Temp_max12 Temp_std12 Temp_d12 SBP_mean12 SBP_min12 SBP_max12 SBP_std12 SBP_d12 MAP_mean12 MAP_min12 MAP_max12 MAP_std12 MAP_d12 DBP_mean12 DBP_min12 DBP_max12 DBP_std12 DBP_d12 Resp_mean12 Resp_min12 Resp_max12 Resp_std12 Resp_d12 Lactate_d6 WBC_d6 Creatinine_d6 Bilirubin_total_d6 Platelets_d6 Lactate_d12 WBC_d12 Creatinine_d12 Bilirubin_total_d12 Platelets_d12 Lactate_vs_baseline WBC_vs_baseline Creatinine_vs_baseline Bilirubin_total_vs_baseline Platelets_vs_baseline sirs qsofa_proxy shock_index sofa_proxy note_confusion_12h note_cough_12h note_chills_12h note_urinary_12h note_wound_redness_12h note_catheter_line_12h note_count_12h qsofa_full
feature_infos=[1:271] [20.489999771118164:100] [0:1] [0:1] [0:1] [-1195.7099609375:0.93999999761581421] [39:159] [24:100] [32.5:40.5] [43:247.5] [20:207] [23:158] [1:58] [0.40000000596046448:17.5] [1.5:182.60000610351562] [0.20000000298023224:12.439999580383301] [0.20000000298023224:15.699999809265137] [22:1036] [1:144] [29.5:708] [6.8499999046325684:7.5799999237060547] [20:100] [12:48] [-20:24] [0.029999999329447746:1] [5.5:23.600000381469727] [2.5:9.6999998092651367] [0:102] [0:1] [0:24] [0:48] [0:1] [0:23] [0:48] [0:1] [0:19] [0:99] [0:1] [0:7] [0:48] [0:1] [0:24] [0:48] [0:1] [0:19] [0:35] [0:1] [0:81] [0:102] [0:1] [0:47] [0:102] [0:1] [0:47] [0:54] [0:1] [0:21] [0:54] [0:1] [0:47] [0:104] [0:1] [0:77] [0:48] [0:1] [0:27] [0:48] [0:1] [0:35] [39:155.5] [39:155.5] [39:159] [0:35.800022125244141] [-69:65] [39:100] [24:100] [39:100] [0:30.805301666259766] [-75:76] [32.799999237060547:40] [32.5:40] [32.799999237060547:40.5] [0:1.6431676149368286] [-3.1700000762939453:4] [44.666667938232422:225] [43:216] [45:247.5] [0:48.790367126464844] [-116.5:105.5] [30:169] [20:169] [30:207] [0:53.235912322998047] [-125:114] [23:147] [23:147] [23:158] [0:42.916973114013672] [-100:108] [1:58] [1:58] [1:58] [0:32.526912689208984] [-47:39.5] [39:155.5] [39:155.5] [39:159] [0:30.215011596679688] [-77:69] [39:100] [24:100] [39:100] [0:22.804630279541016] [-76:76] [32.799999237060547:40] [32.5:40] [32.799999237060547:40.5] [0:1.7162702083587646] [-3.6099998950958252:4.9499998092651367] [44.833332061767578:225] [43:216] [45:247.5] [0:48.790367126464844] [-132:122.5] [30:169] [20:169] [30:207] [0:53.235912322998047] [-104.5:126] [23:147] [23:147] [23:158] [0:45.066532135009766] [-100:101.5] [1:58] [1:58] [1:58] [0:32.526912689208984] [-51:39.5] [-4.7800002098083496:6.0399999618530273] [-26:13.600000381469727] [-5.1599998474121094:2.5699999332427979] [-7.1999998092651367:2.5] [-513:459] [-5.0999999046325684:7.9000000953674316] [-42.200000762939453:13.600000381469727] [-5.1599998474121094:2.5699999332427979] [-7.1999998092651367:3.0999999046325684] [-513:472] [-6:7.9000000953674316] [-38.799999237060547:16.600000381469727] [-5.8400001525878906:5.1999998092651367] [-5.1999998092651367:3.2000000476837158] [-513:695] [0:4] [0:2] [0.23913043737411499:2.0697674751281738] [0:9] [0:1] [0:1] [0:1] [0:1] [0:1] [0:1] [0:3] [0:3]
tree_sizes=1598 1816 2051 1283 1614 2258 1914 2385 1841 2029

Tree=0
num_leaves=14
num_cat=0
split_feature=0 113 161 101 59 115 135 21 17 137 112 116 84
split_gain=9476.04 2948.5 1145.35 996.898 661.575 1004.14 309.576 240.538 108.637 182.847 47.945 24.0816 15.6826
threshold=55.500000000000007 -6.7499999999999991 1.0000000180025095e-35 28.250000000000004 1.5000000000000002 37.73500061035157 15.250000000000002 37.95000076293946 118.50000000000001 1.5579096674919131 2.0676683187484746 37.920000076293952 137.37500000000003
decision_type=2 10 2 8 2 8 10 10 8 10 10 10 8
left_child=1 3 -2 -1 8 6 12 -8 9 -3 -9 -4 -6
right_child=2 4 11 -5 5 -7 7 10 -10 -11 -12 -13 -14
leaf_value=-3.4083147187041964 -3.2067961573508219 -3.7911951658246288 -3.8860365861516879 -3.8879742756718314 -3.9601670114873189 -3.5669872946467196 -3.7134335419628197 -3.9534366523678219 -3.963508952920308 -3.9562665824987677 -3.8621647806543868 -3.7125479588780568 -3.9128486038239103
leaf_weight=9.2983854599297064 17.373299231752753 4.5362567882984903 4.5927246809005755 6.7949738055467597 30.078581985086203 5.1950493492186061 6.3620531111955669 8.7901738341897708 145.25432864762843 13.514656987041233 3.8209963627159587 4.5362568162381649 3.7645284198224536
leaf_count=286 475 201 228 341 1598 172 266 467 7717 718 183 181 192
internal_value=-3.82507 -3.89088 -3.33591 -3.55194 -3.92342 -3.84069 -3.89702 -3.81424 -3.95471 -3.89282 -3.91326 -3.75199 -3.95287
internal_weight=263.912 237.41 26.5023 16.0934 221.317 58.0114 52.8163 18.9732 163.305 18.0509 12.6112 9.12898 33.8431
internal_count=13025 12141 884 627 11514 2878 2706 916 8636 919 650 409 1790
is_linear=0
shrinkage=1


Tree=1
num_leaves=16
num_cat=0
split_feature=41 123 136 60 68 150 80 130 25 86 74 119 48 102 82
split_gain=3182.68 1998.79 966.447 935.263 789.498 699.126 488.369 308.891 299.248 126.677 70.8509 47.4484 38.5752 17.4121 4.5322
threshold=3.5000000000000004 inf 25.250000000000004 17.500000000000004 4.5000000000000009 -1.3499999642372129 36.895000457763679 53.750000000000007 10.050000190734865 111.75000000000001 94.041667938232436 123.4652786254883 28.500000000000004 2.787621378898621 0.68699464201927196
decision_type=2 8 8 8 2 8 8 10 10 10 8 10 10 10 8
left_child=1 3 -3 5 11 6 -1 10 -9 -6 -7 -2 -5 -10 -12
right_child=4 2 -4 12 9 7 -8 8 13 -11 14 -13 -14 -15 -16
leaf_value=0.011190325751346174 -0.016717487169958849 0.45582487638999813 0.027677309206896733 -0.029504366384811794 0.11833534387818412 0.070453690191212448 0.3454192859478854 0.21523686309766613 -0.018217256368668801 0.37464886470794562 -0.026417390156285723 0.080565600936614065 0.038695806815875665 0.037112557147507233 0.0037103467369881409
leaf_weight=5.8338849581778023 5.9481589868664724 10.110872058197858 7.9158221818506709 135.29747867770493 8.0873711761087161 3.9292740337550631 9.7639666367322206 9.6533945575356501 7.3445169441401941 36.801786398515105 31.484961993992329 4.4640616737306118 3.6963359564542762 3.8998875357210636 3.827983019873499
leaf_count=289 268 195 380 7220 214 156 287 378 377 915 1640 171 168 175 191
internal_value=0.100355 0.0488769 0.314652 0.0199129 0.295004 0.101295 0.253473 0.0454004 0.125855 0.344959 -0.00682566 0.0375969 -0.02641 0.00648927 -0.0230964
internal_weight=288.06 232.758 18.0267 214.732 55.3014 75.7379 15.5979 60.14 20.8978 44.8892 39.2422 10.4122 138.994 11.2444 35.3129
internal_count=13024 11456 575 10881 1568 3493 576 2917 930 1129 1987 439 7388 552 1831
is_linear=0
shrinkage=0.03


Tree=2
num_leaves=18
num_cat=0
split_feature=44 113 105 27 130 1 104 135 47 116 114 18 57 114 23 54 122
split_gain=2682.95 1568.21 883.346 602.546 582.244 544.593 355.011 287.169 249.746 183.819 149.15 275.822 112.995 31.2503 8.3462 7.71346 1.50974
threshold=3.5000000000000004 -7.7499999999999991 75.750000000000014 3.5000000000000004 53.750000000000007 59.864999771118171 83.937500000000014 16.750000000000004 4.5000000000000009 37.090000152587898 37.828056335449226 22.500000000000004 2.5000000000000004 37.092082977294929 1.0000000180025095e-35 5.5000000000000009 10.214010238647463
decision_type=2 10 10 10 8 2 10 8 2 10 8 10 10 10 10 8 10
left_child=1 6 13 10 -5 16 -1 9 -7 -4 14 -12 -11 -2 -3 -16 -6
right_child=2 3 7 4 5 8 -8 -9 -10 12 11 -13 -14 -15 15 -17 -18
leaf_value=0.07393734973693053 -0.020157521829627913 -0.029498046961582761 0.035031875762082748 -0.02419268902032758 -0.01547371075514184 0.066047963362872553 0.34201043933383413 0.36006438656300144 0.34093393126137039 0.24768613397270428 -0.023098047526622943 0.17071039751969583 0.071436893802536858 0.050800452343807492 0.020107187596226799 -0.017154931102600874 0.0032452121374168747
leaf_weight=10.775999980047347 9.5787352100014669 134.81203984282911 8.7007253710180503 18.645555455237627 5.0811536051332968 7.4356222543865469 11.892470074817536 28.36224140971899 9.5278670098632556 23.511539293453097 15.332329377532007 5.4398718401789656 9.6832317821681482 4.2360101006925097 3.9310572482645485 6.3732399344444284 3.9453607965260744
leaf_count=380 469 7262 287 920 240 319 145 458 170 414 790 171 288 166 192 331 190
internal_value=0.0930003 0.0385909 0.233278 0.0104314 0.102253 0.182234 0.250966 0.273771 0.262909 0.18319 -0.0165438 0.0509292 0.212355 0.00931835 -0.0275767 -0.00101466 -0.00905166
internal_weight=317.265 233.193 84.0725 210.524 44.6356 25.99 22.6685 70.2577 16.9635 41.8955 165.889 20.7722 33.1948 13.8147 145.116 10.3043 9.02651
internal_count=13192 11110 2082 10585 1839 919 525 1447 489 989 8746 961 702 635 7785 523 430
is_linear=0
shrinkage=0.03


Tree=3
num_leaves=11
num_cat=0
split_feature=0 113 59 115 119 75 47 149 21 18
split_gain=2655.35 1107.33 698.596 654.685 816.622 338.769 212.286 184.549 162.551 90.3484
threshold=55.500000000000007 inf 1.5000000000000002 37.024999618530281 117.597225189209 92.250000000000014 18.500000000000004 -1.9850000143051145 48.250000000000007 84.500000000000014
decision_type=2 8 2 8 8 10 2 10 8 10
left_child=1 2 6 5 -5 -4 9 8 -2 -1
right_child=7 -3 3 4 -6 -7 -8 -9 -10 -11
leaf_value=-0.029640296251377794 0.19764378316970296 0.22883336741471741 0.12814953085247796 -0.020704108703780044 0.29376248395269833 -0.027163184920879834 0.1162992657763359 0.29336593016403073 0.050867614012019197 0.070068765967651866
leaf_weight=156.35647279769182 21.834692506119609 19.801996674388647 12.935097325593231 10.13901684805751 17.635267531499267 38.663952615112066 5.2198005653917781 37.437451062723994 15.138672104105352 3.9584527518600217
leaf_count=8534 284 366 396 394 332 1891 161 293 338 151
internal_value=0.0840845 0.0376605 0.0179341 0.0882776 0.193321 0.0196527 -0.0173946 0.236464 0.150765 -0.0251335
internal_weight=339.121 264.71 244.908 79.3733 27.7743 51.599 165.535 74.4108 36.9734 160.315
internal_count=13140 12225 11859 3013 726 2287 8846 915 622 8685
is_linear=0
shrinkage=0.03


Tree=4
num_leaves=14
num_cat=0
split_feature=0 123 13 100 1 101 20 161 80 23 87 23 103
split_gain=1860.48 906.274 622.982 400.893 337.16 231.707 310.744 155.564 107.327 171.216 81.7915 20.6967 12.5853
threshold=54.500000000000007 inf 1.2050000429153445 15.250000000000002 62.995000839233406 14.625000000000002 7.3450000286102304 1.0000000180025095e-35 37.764999389648445 -2.4500000476837154 10.014156818389894 2.2500000000000004 1.0000000180025095e-35
decision_type=2 8 8 10 2 8 8 2 8 10 8 10 10
left_child=1 2 3 -1 -3 6 -4 -2 11 -10 -9 -7 -13
right_child=7 4 5 -5 -6 8 -8 10 9 -11 -12 12 -14
leaf_value=-0.020196548385372569 0.21318202720778859 0.03557118975309452 0.20573713860343371 0.20183123020067575 0.24410143478041874 -0.029700574441756541 -0.020469026177970303 0.13133976956785831 -0.023519810046758235 0.11594700430464903 0.015943685241193561 -0.015406583005904518 0.033982682133162988
leaf_weight=9.5926248952746409 64.611099177971482 13.018401382490994 5.1486808303743574 17.538889015093446 17.312508707866073 162.43743770383298 10.10419917665422 10.701103927567603 16.362977178767327 8.2867949865758401 10.961386315524576 5.0489623025059682 4.3253163415938616
leaf_count=457 491 364 80 389 206 8742 549 182 813 202 240 249 183
internal_value=0.0707567 0.0304467 0.00926948 0.132404 0.172298 -0.00920108 0.0878291 0.187968 -0.0187271 0.0350124 0.0868885 -0.0272092 0.0112756
internal_weight=355.45 269.177 238.846 27.1315 30.3309 211.714 15.2529 86.2736 196.461 24.6498 21.6625 171.812 9.37428
internal_count=13147 12234 11664 846 570 10818 629 913 10189 1015 422 9174 432
is_linear=0
shrinkage=0.03


Tree=5
num_leaves=20
num_cat=0
split_feature=21 3 1 70 81 44 114 108 71 1 140 19 117 130 137 117 93 148 84
split_gain=1146.33 463.484 520.827 413.417 392.751 306.584 234.013 197.658 154.763 137.318 117.952 92.5087 73.1986 35.5871 25.689 18.0068 16.5574 5.3703 1.37278
threshold=28.500000000000004 1.0000000180025095e-35 77.130001068115249 75.750000000000014 35.604999542236335 1.5000000000000002 36.671249389648445 14.750000000000002 120.25000000000001 59.864999771118171 3.6999999284744267 204.25000000000003 0.24533526599407199 68.750000000000014 4.0712404251098642 0.67631772160530101 -1.1650000214576719 27.500000000000004 144.04166412353518
decision_type=10 8 2 10 8 2 10 8 10 2 10 10 8 10 8 10 10 10 8
left_child=4 2 -2 11 -1 13 12 10 14 18 15 -3 -7 -5 -8 17 -11 -6 -9
right_child=1 3 -4 5 7 6 8 9 -10 16 -12 -13 -14 -15 -16 -17 -18 -19 -20
leaf_value=0.17074296767950653 -0.027172117177490063 -0.023543596918231678 0.16459137791015993 -0.019203141411674406 -0.029433180609149248 0.10723852980864643 0.23930197407790962 -0.019286907155266694 0.091442964714746361 0.036542126473861888 0.088280294227381692 0.087099761489694533 0.0057913943936329275 0.05642082822191239 0.11899260241433997 0.020123987742749313 0.12718956558888164 0.0028420539223244926 -0.00038461510552347433
leaf_weight=7.6222128476947537 38.122885644435883 16.365590445697311 13.367553945630787 8.3444596678018552 118.25614301115274 12.279845369979741 55.210583951324224 8.0019063986837864 21.755655016750097 8.3830330297350901 3.8082918599247924 5.1290132384747258 11.124780332669614 5.2870950791984788 18.812476310878992 3.885692397132515 10.11074051260948 3.9495222903788081 4.9929550383239993
leaf_count=118 1815 808 260 414 6431 214 608 299 330 282 65 93 307 108 253 177 210 149 204
internal_value=0.0680745 0.114753 0.0327737 0.14022 0.00957153 0.159339 0.174219 -0.00294256 0.195365 0.0590968 -0.0196144 0.0143128 0.0685258 0.017398 0.21819 -0.0261159 0.102622 -0.0283194 -0.014149
internal_weight=374.81 205.8 51.4904 154.309 169.01 132.815 119.183 161.388 95.7787 31.4886 129.9 21.4946 23.4046 13.6316 74.0231 126.091 18.4938 122.206 12.9949
internal_count=13145 5210 2075 3135 7935 2234 1712 7817 1191 995 6822 901 521 522 861 6757 492 6580 503
is_linear=0
shrinkage=0.03


Tree=6
num_leaves=17
num_cat=0
split_feature=0 123 59 13 60 82 19 65 47 125 125 134 153 59 87 134
split_gain=1211.63 734.939 521.756 398.392 285.848 232.488 180.255 160.371 71.5811 246.336 101.993 51.3208 30.5552 26.7479 26.2941 4.60385
threshold=53.500000000000007 inf 2.5000000000000004 1.6750000119209292 6.5000000000000009 0.20144477486610415 109.25000000000001 5.5000000000000009 12.500000000000002 79.83499908447267 68.83499908447267 18.08712196350098 -21.499999999999996 1.5000000000000002 10.976489543914797 21.9226188659668
decision_type=2 8 2 10 8 10 10 2 2 10 10 10 8 2 8 8
left_child=1 2 7 4 5 11 15 13 -2 10 -10 -4 -7 -1 -15 -3
right_child=8 6 3 -5 -6 12 -8 -9 9 -11 -12 -13 -14 14 -16 -17
leaf_value=-0.029567161756765867 0.17056528106663468 0.067787850635622246 0.076444534390662275 -0.025718400808965175 -0.020750903577234626 0.054643985608120435 0.19683187275018019 0.10672130869556318 0.075696659975921246 0.17379808473262412 -0.023461470974079184 0.21348540612457587 -0.017777568265168152 -0.018894785863047745 0.047421157324148991 0.02070764338013787
leaf_weight=148.16442038677633 68.513664685189724 8.5755146183073538 11.731617053970693 24.640204917639494 10.417833805084227 5.5241175424307585 21.155436236411333 3.7352968528866759 15.86459373496473 16.813365921378136 13.571358527988194 20.669656677171588 6.8322955816984159 7.8927111383527491 4.6274312753230342 9.5964414123445732
leaf_count=8543 406 129 314 955 503 131 138 74 202 103 255 232 313 359 169 292
internal_value=0.0657101 0.0312892 0.0106653 0.0712325 0.113068 0.143171 0.14372 -0.0199708 0.145902 0.0962899 0.0332115 0.180719 0.0210142 -0.0260477 0.0121539 0.0527583
internal_weight=398.326 283.563 244.236 79.8157 55.1755 44.7577 39.3274 164.42 114.763 46.2493 29.436 32.4013 12.3564 160.685 12.5201 18.172
internal_count=13118 12152 11593 2448 1493 990 559 9145 966 560 457 546 444 9071 528 421
is_linear=0
shrinkage=0.03


Tree=7
num_leaves=21
num_cat=0
split_feature=21 108 122 104 47 148 79 44 120 145 130 107 60 104 150 120 145 72 148 94
split_gain=691.671 404.636 231.351 292.003 224.914 173.269 153.179 176.076 143.384 124.953 119.028 95.2668 80.9168 79.5543 79.4681 30.4349 22.3627 10.4488 5.65197 2.73967
threshold=28.500000000000004 27.750000000000004 12.748414516448976 77.645832061767592 34.500000000000007 11.500000000000002 38.084165573120124 1.5000000000000002 92.125000000000014 -1.0000000180025095e-35 50.750000000000007 14.039445877075197 46.500000000000007 90.412876129150405 1.0000000180025095e-35 153.25000000000003 -3.8500000238418575 5.6110007762908944 33.500000000000007 75.224998474121108
decision_type=10 8 10 10 2 8 8 2 8 8 8 10 10 8 8 8 8 10 10 10
left_child=1 4 3 17 12 11 7 8 -5 16 -11 19 15 -3 -7 18 -9 -2 -1 -4
right_child=2 13 5 6 -6 14 -8 9 -10 10 -12 -13 -14 -15 -16 -17 -18 -19 -20 -21
leaf_value=-0.029434628693125985 -0.021787016059668266 0.14472127425456929 -0.026733047537740563 0.10921829506779826 0.1355672969108567 0.12949936223593148 0.017187035629661153 0.094643500916110554 -0.022325947777960552 0.065412951656680637 0.17937371483358594 0.075860075395564219 0.070610823616102783 0.030537581320685583 0.017160988065834493 0.019061503421001422 0.027879862397461302 0.01883739313621801 0.0039037093022979744 -0.0018198974187750999
leaf_weight=120.86826318316162 12.189392849802973 15.272554541006686 28.971815848723054 8.7806981066241878 3.9954822510480872 14.483004949986933 13.444648928940294 10.38868655823171 13.284786037169395 17.97020504437387 74.712595114484429 6.1289093336090437 3.8128883466124526 12.104282036423681 10.441349121741952 10.006606620736418 15.150071622803809 4.0415133740752927 3.6103044915944329 5.3654356533661476
leaf_count=6909 612 115 1077 131 19 189 280 147 656 379 699 100 26 359 315 349 354 143 106 170
internal_value=0.0576718 0.0109506 0.0904255 0.108759 -0.0104787 0.0384318 0.121167 0.130197 0.0405269 0.14461 0.161757 -0.00182101 -0.0192811 0.106749 0.0931691 -0.0242694 0.0660872 -0.00961744 -0.0283543 -0.0235663
internal_weight=405.023 169.67 235.353 169.963 142.294 65.3905 153.732 140.287 22.0655 118.222 92.6828 40.4662 138.298 27.3768 24.9244 134.485 25.5388 16.2309 124.479 34.3373
internal_count=13135 7883 5252 3401 7409 1851 2646 2366 787 1579 1078 1347 7390 474 504 7364 501 755 7015 1247
is_linear=0
shrinkage=0.03


Tree=8
num_leaves=16
num_cat=0
split_feature=0 113 115 118 73 51 18 15 80 122 119 122 99 18 116
split_gain=851.491 524.346 279.042 193.995 148.585 122.326 101.239 123.14 87.418 46.4045 17.54 10.942 8.0342 6.32327 4.17366
threshold=54.500000000000007 -3.7499999999999996 37.764999389648445 0.054999999701976783 13.250000000000002 1.0000000180025095e-35 26.500000000000004 1.294999957084656 37.530000686645515 12.071637630462648 133.51249694824222 6.1561899185180673 21.183333396911625 70.500000000000014 36.524999618530281
decision_type=2 10 10 8 8 10 10 10 10 8 8 8 10 10 10
left_child=1 3 5 12 14 13 8 -8 11 -2 -9 -7 -1 -3 -5
right_child=9 2 -4 4 -6 6 7 10 -10 -11 -12 -13 -14 -15 -16
leaf_value=-0.019801489773046601 0.13325212860212765 -0.029205596081223268 0.10116375426317038 0.16880392408840064 0.018724540540943326 0.0086379056487797916 0.1151903859073788 -0.020861049348931182 0.054622105027268386 0.0745507818645883 0.030472321219680541 -0.02760347818909728 0.01627999038995883 0.0057599987246446001 0.086641275091706146
leaf_weight=8.9107253225520235 90.73931740783155 109.6361684910953 18.585958279669285 22.461472757160664 13.132668435573576 6.4660020647570482 12.397809888236226 10.462292124517258 12.418798957951365 42.203525377437472 4.7854521255940208 43.457269982434809 4.5983922313898793 3.2864172933623186 22.738166102208197
leaf_count=405 527 6712 333 122 386 256 290 455 303 387 157 1999 160 147 482
internal_value=0.0563765 0.0269411 0.00343647 0.09447 0.116503 -0.00773265 0.0178191 0.0606418 -0.00426324 0.117995 -0.0012038 -0.0225505 -0.0064396 -0.0279869 0.140218
internal_weight=426.28 293.338 221.496 71.8414 58.3323 202.91 89.9876 27.6456 62.3421 132.943 15.2477 49.9233 13.5091 112.923 45.1996
internal_count=13121 12207 10652 1555 990 10319 3460 902 2558 914 612 2255 565 6859 604
is_linear=0
shrinkage=0.03


Tree=9
num_leaves=18
num_cat=0
split_feature=21 81 3 116 60 44 80 113 105 57 134 134 44 96 24 1 95
split_gain=627.216 240.027 226.463 346.178 191.762 185.887 142.548 110.677 91.0693 70.1839 45.3355 43.1611 39.1957 38.0034 34.7179 10.0101 9.55406
threshold=28.500000000000004 35.604999542236335 1.0000000180025095e-35 36.524999618530281 50.500000000000007 1.5000000000000002 36.055000305175788 inf 106.25000000000001 11.500000000000002 14.422619342803957 11.520833492279055 3.5000000000000004 67.750000000000014 0.42499999701976782 50.239999771118171 72.250000000000014
decision_type=10 8 8 10 10 2 10 8 10 10 8 10 2 10 10 2 8
left_child=1 -1 3 -2 7 10 11 12 9 14 -4 -7 -3 -14 15 -8 -11
right_child=2 4 5 -5 -6 6 8 -9 -10 16 -12 -13 13 -15 -16 -17 -18
leaf_value=0.1191686766515756 0.1144850173581632 -0.029316715771124581 0.055019553005097283 -0.02728036159718409 0.10932329520824996 0.054182494657481185 0.088958220011749342 0.047157100156294693 0.044247572731228639 0.01721936508139138 -0.022859430333025618 -0.02104132785992073 0.043003964582457505 -0.022120455675962512 0.080265920627825629 0.15701975943211355 0.067399715940532762
leaf_weight=10.792496005073188 19.388804757036269 111.31173522677273 5.3832032699137953 38.683963113464415 7.6301571987569323 8.7225134987384099 28.205111012794077 19.547894231975079 24.048828421160579 10.390587244182827 14.26313889864832 9.7643426489084941 11.115650030784311 11.694274784997104 35.531633202917874 67.815044741146266 10.070941573008893
leaf_count=116 283 6813 113 1794 23 82 311 338 267 300 664 341 288 333 390 432 196
internal_value=0.0527531 0.00753406 0.0806834 0.0253745 -0.00329374 0.094758 0.103431 -0.0121543 0.111601 0.120508 0.00531255 0.0184298 -0.0221829 0.0116416 0.129186 0.14242 0.0503031
internal_weight=444.36 172.092 272.268 58.0728 161.3 214.195 194.549 153.67 176.062 152.013 19.6463 18.4869 134.122 22.8099 131.552 96.0202 20.4615
internal_count=13084 7911 5173 2077 7795 3096 2319 7772 1896 1629 777 423 7434 621 1133 743 496
is_linear=0
shrinkage=0.03


end of trees

feature_importances:
ICULOS=5
Age=5
PaCO2=5
BUN_nmeas=5
O2Sat_d12=5
BUN=4
Glucose_nmeas=4
BaseExcess_nmeas=4
FiO2_hrs_since=4
Temp_min6=4
Temp_max12=4
SBP_std12=4
DBP_min12=4
Resp_mean12=4
BaseExcess=3
HR_mean12=3
Temp_mean12=3
Temp_min12=3
SBP_mean12=3
SBP_d12=3
Platelets_d12=3
Unit1=2
Lactate=2
Glucose=2
BaseExcess_hrs_since=2
Temp_max6=2
Temp_std6=2
SBP_mean6=2
SBP_std6=2
Resp_max6=2
HR_min12=2
HR_d12=2
Temp_std12=2
SBP_min12=2
MAP_min12=2
Resp_min12=2
Resp_std12=2
WBC_d12=2
WBC_vs_baseline=2
note_urinary_12h=2
Creatinine=1
Platelets=1
pH=1
FiO2=1
Hgb=1
Lactate_hrs_since=1
Platelets_nmeas=1
pH_hrs_since=1
PaCO2_hrs_since=1
HCO3_hrs_since=1
Hgb_nmeas=1
Potassium_nmeas=1
HR_min6=1
HR_max6=1
HR_std6=1
HR_d6=1
O2Sat_mean6=1
O2Sat_min6=1
Temp_mean6=1
SBP_max6=1
MAP_d6=1
DBP_mean6=1
DBP_min6=1
DBP_max6=1
Resp_mean6=1
Resp_min6=1
Resp_std6=1
Resp_d6=1
HR_std12=1
O2Sat_std12=1
Temp_d12=1
Resp_max12=1
WBC_d6=1
Lactate_vs_baseline=1
Platelets_vs_baseline=1

parameters:
[boosting: gbdt]
[objective: binary]
[metric: average_precision]
[tree_learner: serial]
[device_type: cpu]
[data_sample_strategy: bagging]
[data: ]
[valid: ]
[num_iterations: 3000]
[learning_rate: 0.03]
[num_leaves: 63]
[num_threads: -1]
[seed: 42]
[deterministic: 0]
[force_col_wise: 0]
[force_row_wise: 0]
[histogram_pool_size: -1]
[max_depth: -1]
[min_data_in_leaf: 200]
[min_sum_hessian_in_leaf: 0.001]
[bagging_fraction: 0.8]
[pos_bagging_fraction: 1]
[neg_bagging_fraction: 1]
[bagging_freq: 1]
[bagging_seed: 400]
[bagging_by_query: 0]
[feature_fraction: 0.6]
[feature_fraction_bynode: 1]
[feature_fraction_seed: 30056]
[extra_trees: 0]
[extra_seed: 12879]
[early_stopping_round: 0]
[early_stopping_min_delta: 0]
[first_metric_only: 0]
[max_delta_step: 0]
[lambda_l1: 0]
[lambda_l2: 5]
[linear_lambda: 0]
[min_gain_to_split: 0]
[drop_rate: 0.1]
[max_drop: 50]
[skip_drop: 0.5]
[xgboost_dart_mode: 0]
[uniform_drop: 0]
[drop_seed: 17869]
[top_rate: 0.2]
[other_rate: 0.1]
[min_data_per_group: 100]
[max_cat_threshold: 32]
[cat_l2: 10]
[cat_smooth: 10]
[max_cat_to_onehot: 4]
[top_k: 20]
[monotone_constraints: ]
[monotone_constraints_method: basic]
[monotone_penalty: 0]
[feature_contri: ]
[forcedsplits_filename: ]
[refit_decay_rate: 0.9]
[cegb_tradeoff: 1]
[cegb_penalty_split: 0]
[cegb_penalty_feature_lazy: ]
[cegb_penalty_feature_coupled: ]
[path_smooth: 0]
[interaction_constraints: ]
[verbosity: -1]
[saved_feature_importance_type: 0]
[use_quantized_grad: 0]
[num_grad_quant_bins: 4]
[quant_train_renew_leaf: 0]
[stochastic_rounding: 1]
[linear_tree: 0]
[max_bin: 255]
[max_bin_by_feature: ]
[min_data_in_bin: 3]
[bin_construct_sample_cnt: 200000]
[data_random_seed: 175]
[is_enable_sparse: 1]
[enable_bundle: 1]
[use_missing: 1]
[zero_as_missing: 0]
[feature_pre_filter: 1]
[pre_partition: 0]
[two_round: 0]
[header: 0]
[label_column: ]
[weight_column: ]
[group_column: ]
[ignore_column: ]
[categorical_feature: ]
[forcedbins_filename: ]
[precise_float_parser: 0]
[parser_config_file: ]
[objective_seed: 16083]
[num_class: 1]
[is_unbalance: 0]
[scale_pos_weight: 5]
[sigmoid: 1]
[boost_from_average: 1]
[reg_sqrt: 0]
[alpha: 0.9]
[fair_c: 1]
[poisson_max_delta_step: 0.7]
[tweedie_variance_power: 1.5]
[lambdarank_truncation_level: 30]
[lambdarank_norm: 1]
[label_gain: ]
[lambdarank_position_bias_regularization: 0]
[eval_at: ]
[multi_error_top_k: 1]
[auc_mu_weights: ]
[num_machines: 1]
[local_listen_port: 12400]
[time_out: 120]
[machine_list_filename: ]
[machines: ]
[gpu_platform_id: -1]
[gpu_device_id: -1]
[gpu_device_id_list: ]
[gpu_use_dp: 0]
[num_gpu: 1]

end of parameters

pandas_categorical:[]
